cum_score,score,time,bricks
3,3,251,52
3,0,126,53
12,9,373,50
12,0,126,53
18,6,254,51
18,0,126,53
18,0,126,53
18,0,126,53
21,3,128,52
21,0,126,53
21,0,126,53
21,0,162,53
21,0,162,53
33,12,507,49
33,0,126,53
42,9,373,50
42,0,162,53
45,3,249,52
45,0,126,53
48,3,128,52
54,6,256,51
54,0,126,53
57,3,128,52
57,0,126,53
63,6,370,51
63,0,126,53
63,0,126,53
63,0,126,53
63,0,126,53
66,3,248,52
66,0,126,53
66,0,162,53
72,6,476,51
84,12,495,49
84,0,126,53
84,0,126,53
84,0,126,53
84,0,126,53
84,0,162,53
87,3,248,52
87,0,126,53
87,0,126,53
87,0,126,53
87,0,126,53
87,0,126,53
90,3,257,52
90,0,126,53
90,0,126,53
93,3,257,52
93,0,126,53
96,3,128,52
96,0,126,53
96,0,126,53
96,0,126,53
102,6,370,51
105,3,128,52
108,3,128,52
108,0,162,53
114,6,251,51
120,6,250,51
123,3,248,52
123,0,126,53
126,3,128,52
126,0,162,53
126,0,162,53
126,0,126,53
129,3,248,52
132,3,319,52
132,0,126,53
135,3,257,52
135,0,162,53
138,3,248,52
138,0,126,53
156,18,757,47
159,3,248,52
165,6,476,51
165,0,126,53
177,12,614,49
183,6,251,51
189,6,251,51
195,6,371,51
207,12,615,49
219,12,623,49
225,6,370,51
237,12,404,49
237,0,162,53
240,3,248,52
240,0,162,53
240,0,126,53
240,0,126,53
243,3,128,52
246,3,248,52
249,3,249,52
252,3,128,52
252,0,162,53
252,0,162,53
252,0,126,53
252,0,126,53
252,0,126,53
255,3,250,52
264,9,397,50
267,3,128,52
270,3,257,52
273,3,248,52
273,0,126,53
276,3,257,52
276,0,126,53
276,0,162,53
279,3,319,52
279,0,126,53
282,3,128,52
282,0,126,53
285,3,248,52
285,0,126,53
288,3,248,52
294,6,372,51
294,0,126,53
294,0,162,53
294,0,126,53
294,0,126,53
297,3,248,52
297,0,126,53
297,0,126,53
297,0,126,53
297,0,162,53
300,3,128,52
300,0,162,53
303,3,248,52
303,0,126,53
306,3,248,52
312,6,370,51
315,3,128,52
315,0,126,53
318,3,257,52
318,0,126,53
318,0,126,53
321,3,128,52
321,0,126,53
321,0,126,53
321,0,162,53
324,3,249,52
327,3,249,52
330,3,128,52
330,0,162,53
330,0,126,53
330,0,126,53
330,0,126,53
333,3,128,52
333,0,162,53
333,0,162,53
333,0,126,53
333,0,126,53
333,0,162,53
333,0,162,53
333,0,126,53
333,0,126,53
333,0,162,53
333,0,162,53
336,3,257,52
336,0,126,53
339,3,128,52
339,0,162,53
339,0,126,53
339,0,162,53
339,0,162,53
339,0,126,53
339,0,126,53
339,0,162,53
339,0,126,53
339,0,126,53
339,0,162,53
339,0,126,53
339,0,126,53
339,0,126,53
342,3,249,52
342,0,162,53
342,0,126,53
342,0,126,53
342,0,162,53
345,3,128,52
345,0,126,53
345,0,162,53
348,3,128,52
348,0,126,53
348,0,126,53
348,0,162,53
357,9,373,50
357,0,126,53
360,3,128,52
363,3,128,52
363,0,126,53
363,0,126,53
363,0,126,53
363,0,162,53
372,9,373,50
372,0,126,53
372,0,162,53
372,0,126,53
375,3,249,52
375,0,162,53
375,0,162,53
375,0,126,53
375,0,126,53
375,0,126,53
375,0,126,53
378,3,128,52
378,0,126,53
378,0,126,53
378,0,126,53
378,0,126,53
378,0,126,53
381,3,128,52
384,3,128,52
384,0,126,53
393,9,373,50
393,0,126,53
396,3,128,52
396,0,162,53
399,3,249,52
399,0,126,53
399,0,126,53
399,0,162,53
402,3,128,52
405,3,128,52
405,0,162,53
405,0,126,53
405,0,162,53
405,0,162,53
408,3,128,52
408,0,126,53
408,0,126,53
408,0,126,53
417,9,373,50
417,0,126,53
417,0,126,53
417,0,126,53
417,0,162,53
417,0,126,53
417,0,162,53
417,0,126,53
417,0,126,53
417,0,126,53
417,0,126,53
417,0,126,53
417,0,126,53
417,0,126,53
417,0,126,53
417,0,162,53
417,0,126,53
417,0,162,53
420,3,128,52
420,0,126,53
423,3,248,52
426,3,128,52
426,0,126,53
426,0,126,53
426,0,162,53
426,0,126,53
426,0,162,53
426,0,126,53
426,0,126,53
426,0,126,53
426,0,126,53
426,0,126,53
426,0,126,53
426,0,162,53
426,0,126,53
435,9,373,50
435,0,126,53
438,3,128,52
438,0,162,53
438,0,126,53
441,3,249,52
441,0,126,53
444,3,128,52
444,0,126,53
444,0,126,53
444,0,126,53
447,3,128,52
447,0,126,53
447,0,126,53
447,0,126,53
450,3,249,52
450,0,126,53
453,3,249,52
462,9,373,50
471,9,373,50
480,9,373,50
480,0,126,53
480,0,162,53
480,0,126,53
480,0,126,53
480,0,126,53
480,0,162,53
483,3,249,52
486,3,128,52
486,0,162,53
486,0,126,53
486,0,126,53
486,0,126,53
486,0,126,53
486,0,126,53
486,0,162,53
486,0,162,53
486,0,162,53
489,3,128,52
489,0,126,53
489,0,126,53
489,0,126,53
489,0,126,53
492,3,249,52
495,3,249,52
498,3,128,52
507,9,373,50
507,0,126,53
507,0,126,53
510,3,128,52
510,0,126,53
513,3,128,52
513,0,162,53
513,0,162,53
513,0,126,53
516,3,128,52
516,0,126,53
519,3,248,52
519,0,126,53
519,0,126,53
519,0,126,53
519,0,162,53
528,9,373,50
531,3,249,52
534,3,257,52
534,0,126,53
534,0,126,53
534,0,126,53
534,0,126,53
534,0,126,53
534,0,126,53
534,0,126,53
534,0,162,53
537,3,128,52
537,0,126,53
537,0,126,53
549,12,504,49
552,3,128,52
552,0,126,53
552,0,126,53
552,0,162,53
555,3,248,52
555,0,162,53
555,0,126,53
558,3,128,52
558,0,126,53
558,0,126,53
558,0,126,53
558,0,126,53
558,0,126,53
558,0,162,53
561,3,128,52
561,0,126,53
564,3,128,52
564,0,126,53
564,0,126,53
573,9,373,50
573,0,126,53
576,3,128,52
579,3,249,52
579,0,126,53
579,0,126,53
579,0,126,53
579,0,162,53
579,0,162,53
579,0,162,53
579,0,126,53
582,3,128,52
585,3,248,52
585,0,162,53
585,0,162,53
585,0,126,53
585,0,126,53
588,3,128,52
588,0,126,53
588,0,162,53
588,0,126,53
594,6,254,51
594,0,126,53
597,3,128,52
597,0,162,53
597,0,126,53
597,0,126,53
597,0,162,53
597,0,126,53
600,3,128,52
600,0,126,53
600,0,126,53
600,0,126,53
600,0,126,53
600,0,126,53
600,0,126,53
600,0,126,53
600,0,126,53
603,3,128,52
606,3,248,52
618,12,504,49
618,0,126,53
627,9,373,50
627,0,126,53
627,0,126,53
627,0,126,53
627,0,126,53
630,3,248,52
630,0,126,53
630,0,126,53
630,0,126,53
630,0,126,53
630,0,162,53
630,0,126,53
630,0,162,53
642,12,504,49
642,0,126,53
642,0,162,53
642,0,126,53
642,0,162,53
645,3,128,52
645,0,126,53
645,0,126,53
645,0,126,53
645,0,126,53
648,3,249,52
648,0,126,53
657,9,373,50
657,0,162,53
657,0,162,53
657,0,162,53
657,0,126,53
657,0,126,53
657,0,126,53
657,0,126,53
660,3,249,52
660,0,126,53
663,3,128,52
663,0,126,53
663,0,126,53
663,0,126,53
666,3,128,52
666,0,126,53
666,0,126,53
669,3,128,52
669,0,126,53
669,0,126,53
669,0,126,53
669,0,126,53
669,0,126,53
672,3,128,52
675,3,128,52
675,0,162,53
675,0,126,53
678,3,128,52
678,0,126,53
678,0,126,53
678,0,126,53
678,0,126,53
681,3,249,52
684,3,249,52
684,0,126,53
684,0,126,53
684,0,162,53
687,3,128,52
687,0,126,53
690,3,128,52
693,3,249,52
702,9,373,50
702,0,126,53
702,0,126,53
702,0,126,53
702,0,162,53
702,0,126,53
702,0,126,53
705,3,249,52
705,0,126,53
714,9,373,50
714,0,126,53
714,0,126,53
714,0,126,53
714,0,126,53
720,6,254,51
720,0,126,53
720,0,126,53
720,0,162,53
729,9,373,50
729,0,126,53
729,0,162,53
729,0,126,53
729,0,126,53
729,0,126,53
729,0,126,53
729,0,126,53
738,9,373,50
738,0,126,53
741,3,128,52
744,3,249,52
753,9,373,50
753,0,126,53
756,3,248,52
756,0,162,53
756,0,126,53
759,3,128,52
759,0,126,53
759,0,126,53
759,0,126,53
759,0,126,53
759,0,126,53
759,0,126,53
759,0,162,53
759,0,126,53
759,0,126,53
759,0,126,53
759,0,126,53
759,0,126,53
762,3,128,52
762,0,126,53
765,3,128,52
768,3,128,52
771,3,128,52
771,0,126,53
771,0,126,53
771,0,126,53
771,0,126,53
771,0,126,53
771,0,162,53
774,3,249,52
783,9,373,50
783,0,126,53
792,9,373,50
792,0,162,53
801,9,373,50
801,0,126,53
804,3,248,52
804,0,126,53
804,0,126,53
804,0,126,53
807,3,128,52
810,3,128,52
813,3,128,52
813,0,126,53
816,3,128,52
816,0,126,53
816,0,126,53
816,0,126,53
819,3,249,52
822,3,257,52
822,0,162,53
825,3,128,52
825,0,162,53
843,18,628,47
846,3,249,52
846,0,126,53
864,18,637,47
864,0,126,53
864,0,126,53
864,0,126,53
864,0,162,53
864,0,126,53
864,0,126,53
864,0,162,53
867,3,128,52
867,0,126,53
867,0,126,53
867,0,162,53
867,0,162,53
867,0,162,53
867,0,126,53
867,0,126,53
867,0,126,53
867,0,126,53
867,0,126,53
867,0,126,53
867,0,126,53
876,9,373,50
876,0,126,53
876,0,126,53
879,3,128,52
879,0,126,53
879,0,126,53
882,3,128,52
882,0,126,53
882,0,126,53
882,0,126,53
891,9,373,50
891,0,126,53
900,9,373,50
900,0,126,53
900,0,126,53
900,0,126,53
900,0,126,53
903,3,128,52
903,0,126,53
903,0,126,53
903,0,126,53
903,0,126,53
903,0,126,53
906,3,128,52
906,0,126,53
906,0,126,53
906,0,126,53
915,9,373,50
915,0,126,53
915,0,126,53
915,0,126,53
915,0,126,53
915,0,162,53
918,3,249,52
918,0,126,53
921,3,128,52
921,0,162,53
921,0,126,53
924,3,128,52
924,0,126,53
927,3,249,52
930,3,128,52
930,0,126,53
936,6,250,51
936,0,162,53
936,0,126,53
939,3,128,52
942,3,128,52
942,0,126,53
954,12,504,49
954,0,162,53
957,3,249,52
957,0,126,53
957,0,162,53
957,0,162,53
960,3,128,52
960,0,126,53
960,0,126,53
960,0,126,53
960,0,126,53
960,0,126,53
960,0,162,53
963,3,249,52
963,0,126,53
966,3,128,52
966,0,126,53
966,0,126,53
966,0,126,53
966,0,126,53
966,0,162,53
966,0,162,53
966,0,126,53
966,0,126,53
966,0,162,53
966,0,126,53
966,0,126,53
969,3,249,52
969,0,126,53
972,3,248,52
972,0,126,53
975,3,248,52
978,3,128,52
981,3,257,52
981,0,126,53
981,0,126,53
990,9,373,50
990,0,126,53
993,3,249,52
993,0,126,53
996,3,128,52
996,0,126,53
996,0,126,53
996,0,126,53
1014,18,628,47
1014,0,162,53
1014,0,126,53
1014,0,126,53
1014,0,126,53
1017,3,128,52
1020,3,128,52
1020,0,126,53
1020,0,126,53
1023,3,249,52
1032,9,373,50
1032,0,126,53
1032,0,162,53
1035,3,249,52
1035,0,126,53
1035,0,126,53
1035,0,126,53
1035,0,162,53
1035,0,126,53
1035,0,126,53
1035,0,126,53
1035,0,126,53
1035,0,126,53
1035,0,162,53
1035,0,162,53
1041,6,250,51
1041,0,162,53
1041,0,162,53
1041,0,126,53
1041,0,126,53
1041,0,162,53
1044,3,248,52
1044,0,126,53
1044,0,162,53
1044,0,162,53
1047,3,128,52
1047,0,126,53
1047,0,162,53
1050,3,128,52
1053,3,128,52
1053,0,162,53
1053,0,126,53
1062,9,373,50
1062,0,126,53
1062,0,126,53
1062,0,126,53
1062,0,162,53
1062,0,126,53
1062,0,126,53
1062,0,162,53
1062,0,162,53
1065,3,249,52
1065,0,126,53
1068,3,128,52
1068,0,126,53
1068,0,162,53
1068,0,126,53
1068,0,126,53
1071,3,128,52
1074,3,249,52
1077,3,128,52
1080,3,128,52
1080,0,162,53
1080,0,162,53
1080,0,126,53
1080,0,126,53
1083,3,128,52
1092,9,373,50
1101,9,373,50
1101,0,126,53
1101,0,126,53
1110,9,373,50
1113,3,128,52
1116,3,128,52
1119,3,128,52
1119,0,126,53
1119,0,126,53
1122,3,128,52
1122,0,126,53
1134,12,504,49
1137,3,128,52
1137,0,162,53
1137,0,162,53
1137,0,126,53
1137,0,126,53
1140,3,128,52
1140,0,126,53
1143,3,128,52
1152,9,373,50
1155,3,128,52
1158,3,128,52
1158,0,162,53
1158,0,126,53
1158,0,126,53
1158,0,162,53
1158,0,126,53
1158,0,126,53
1161,3,128,52
1161,0,126,53
1164,3,249,52
1164,0,162,53
1164,0,162,53
1164,0,126,53
1164,0,126,53
1164,0,126,53
1164,0,162,53
1164,0,162,53
1164,0,162,53
1164,0,126,53
1164,0,126,53
1164,0,162,53
1164,0,126,53
1164,0,126,53
1164,0,126,53
1164,0,126,53
1164,0,126,53
1164,0,126,53
1164,0,126,53
1164,0,126,53
1167,3,128,52
1167,0,162,53
1167,0,126,53
1167,0,126,53
1167,0,126,53
1167,0,126,53
1173,6,254,51
1173,0,162,53
1176,3,128,52
1185,9,373,50
1191,6,254,51
1194,3,249,52
1197,3,128,52
1197,0,126,53
1197,0,126,53
1197,0,126,53
1197,0,126,53
1197,0,126,53
1197,0,162,53
1200,3,249,52
1200,0,162,53
1200,0,126,53
1200,0,126,53
1203,3,128,52
1203,0,162,53
1203,0,126,53
1203,0,126,53
1203,0,162,53
1203,0,126,53
1203,0,162,53
1206,3,128,52
1212,6,254,51
1212,0,162,53
1218,6,256,51
1218,0,126,53
1221,3,128,52
1221,0,126,53
1221,0,162,53
1221,0,126,53
1230,9,373,50
1233,3,128,52
1236,3,257,52
1236,0,162,53
1236,0,126,53
1236,0,126,53
1236,0,162,53
1236,0,162,53
1236,0,162,53
1239,3,128,52
1239,0,126,53
1245,6,256,51
1248,3,249,52
1251,3,128,52
1260,9,373,50
1260,0,126,53
1260,0,126,53
1260,0,126,53
1260,0,126,53
1260,0,162,53
1260,0,126,53
1260,0,162,53
1263,3,128,52
1272,9,373,50
1275,3,128,52
1278,3,128,52
1287,9,373,50
1287,0,162,53
1287,0,126,53
1287,0,162,53
1287,0,126,53
1296,9,373,50
1305,9,373,50
1308,3,257,52
1308,0,162,53
1308,0,162,53
1308,0,126,53
1311,3,249,52
1311,0,126,53
1311,0,126,53
1311,0,162,53
1311,0,126,53
1311,0,126,53
1311,0,126,53
1311,0,126,53
1311,0,126,53
1311,0,126,53
1311,0,126,53
1311,0,126,53
1311,0,162,53
1311,0,126,53
1320,9,373,50
1323,3,248,52
1323,0,162,53
1323,0,126,53
1332,9,373,50
1332,0,162,53
1332,0,126,53
1335,3,128,52
1335,0,126,53
1338,3,128,52
1338,0,126,53
1338,0,162,53
1338,0,126,53
1338,0,162,53
1338,0,126,53
1338,0,126,53
1338,0,126,53
1338,0,126,53
1338,0,126,53
1338,0,126,53
1338,0,126,53
1338,0,162,53
1338,0,126,53
1338,0,126,53
1338,0,126,53
1338,0,126,53
1338,0,126,53
1338,0,126,53
1338,0,126,53
1344,6,250,51
1344,0,126,53
1344,0,162,53
1353,9,373,50
1353,0,126,53
1356,3,128,52
1356,0,126,53
1356,0,126,53
1356,0,126,53
1356,0,126,53
1356,0,126,53
1359,3,249,52
1362,3,128,52
1365,3,248,52
1368,3,128,52
1368,0,126,53
1368,0,162,53
1368,0,126,53
1368,0,126,53
1368,0,126,53
1368,0,126,53
1368,0,126,53
1368,0,126,53
1368,0,162,53
1368,0,126,53
1368,0,162,53
1377,9,373,50
1377,0,162,53
1380,3,128,52
1380,0,126,53
1380,0,162,53
1380,0,126,53
1380,0,126,53
1380,0,126,53
1383,3,128,52
1389,6,250,51
1389,0,126,53
1389,0,126,53
1392,3,128,52
1392,0,126,53
1401,9,373,50
1404,3,128,52
1407,3,128,52
1410,3,248,52
1410,0,162,53
1416,6,254,51
1416,0,126,53
1416,0,162,53
1416,0,126,53
1416,0,126,53
1416,0,162,53
1416,0,126,53
1419,3,128,52
1422,3,128,52
1422,0,126,53
1422,0,126,53
1422,0,162,53
1422,0,126,53
1422,0,126,53
1422,0,126,53
1422,0,126,53
1422,0,126,53
1422,0,126,53
1425,3,128,52
1425,0,162,53
1425,0,126,53
1428,3,249,52
1437,9,373,50
1437,0,126,53
1437,0,162,53
1437,0,126,53
1440,3,128,52
1440,0,126,53
1440,0,126,53
1449,9,373,50
1449,0,126,53
1449,0,126,53
1449,0,162,53
1449,0,126,53
1455,6,254,51
1458,3,128,52
1458,0,162,53
1461,3,128,52
1464,3,249,52
1464,0,162,53
1464,0,162,53
1464,0,126,53
1467,3,128,52
1467,0,126,53
1476,9,373,50
1482,6,256,51
