cum_score,score,time,bricks
0,0,126,53
3,3,128,52
6,3,257,52
6,0,126,53
6,0,162,53
6,0,162,53
6,0,126,53
6,0,126,53
6,0,126,53
6,0,126,53
6,0,126,53
6,0,126,53
6,0,126,53
9,3,128,52
9,0,126,53
9,0,126,53
9,0,162,53
9,0,126,53
9,0,126,53
9,0,126,53
12,3,128,52
12,0,126,53
39,27,690,44
39,0,126,53
39,0,126,53
39,0,126,53
39,0,126,53
42,3,257,52
45,3,128,52
45,0,126,53
45,0,162,53
45,0,126,53
45,0,126,53
51,6,250,51
54,3,248,52
54,0,126,53
54,0,126,53
60,6,370,51
60,0,162,53
60,0,126,53
63,3,128,52
66,3,257,52
69,3,128,52
72,3,248,52
72,0,162,53
72,0,126,53
75,3,128,52
75,0,126,53
81,6,379,51
81,0,126,53
87,6,371,51
102,15,736,48
105,3,319,52
105,0,162,53
105,0,126,53
105,0,162,53
108,3,128,52
111,3,128,52
114,3,128,52
114,0,126,53
114,0,162,53
114,0,126,53
114,0,162,53
120,6,370,51
123,3,128,52
123,0,126,53
123,0,162,53
126,3,331,52
129,3,248,52
129,0,126,53
138,9,492,50
138,0,126,53
141,3,248,52
150,9,492,50
153,3,248,52
153,0,126,53
162,9,633,50
177,15,632,48
177,0,126,53
195,18,742,47
207,12,623,49
219,12,614,49
225,6,371,51
237,12,501,49
237,0,126,53
237,0,162,53
240,3,249,52
243,3,128,52
252,9,373,50
261,9,372,50
270,9,492,50
276,6,250,51
288,12,614,49
291,3,128,52
291,0,126,53
294,3,128,52
294,0,162,53
294,0,126,53
294,0,126,53
294,0,126,53
297,3,128,52
297,0,126,53
300,3,257,52
300,0,126,53
300,0,126,53
300,0,126,53
300,0,126,53
300,0,162,53
300,0,162,53
300,0,126,53
300,0,126,53
303,3,257,52
303,0,126,53
306,3,248,52
306,0,162,53
306,0,126,53
306,0,126,53
306,0,126,53
309,3,248,52
309,0,126,53
309,0,126,53
309,0,126,53
309,0,126,53
312,3,248,52
312,0,126,53
312,0,162,53
312,0,126,53
324,12,614,49
327,3,248,52
330,3,319,52
330,0,162,53
330,0,126,53
333,3,248,52
336,3,128,52
336,0,126,53
339,3,128,52
342,3,248,52
345,3,248,52
345,0,162,53
348,3,128,52
348,0,126,53
348,0,162,53
348,0,126,53
348,0,126,53
348,0,126,53
348,0,126,53
351,3,248,52
354,3,248,52
354,0,162,53
360,6,370,51
360,0,162,53
363,3,248,52
366,3,319,52
366,0,162,53
369,3,248,52
369,0,126,53
372,3,128,52
375,3,128,52
375,0,162,53
375,0,162,53
378,3,128,52
381,3,128,52
384,3,128,52
387,3,319,52
387,0,162,53
396,9,372,50
402,6,250,51
402,0,126,53
408,6,259,51
408,0,126,53
411,3,248,52
432,21,634,46
453,21,635,46
456,3,248,52
462,6,250,51
462,0,126,53
462,0,126,53
471,9,495,50
474,3,248,52
477,3,248,52
480,3,331,52
492,12,379,49
513,21,519,46
531,18,763,47
537,6,370,51
540,3,319,52
546,6,477,51
546,0,126,53
549,3,248,52
549,0,126,53
549,0,126,53
549,0,126,53
573,24,1016,45
576,3,248,52
576,0,126,53
582,6,250,51
588,6,259,51
588,0,126,53
594,6,259,51
603,9,492,50
612,9,257,50
612,0,126,53
612,0,126,53
612,0,126,53
624,12,803,49
627,3,248,52
627,0,126,53
627,0,126,53
633,6,370,51
633,0,126,53
636,3,250,52
636,0,126,53
639,3,248,52
639,0,126,53
642,3,257,52
645,3,257,52
645,0,126,53
645,0,126,53
645,0,162,53
654,9,380,50
666,12,619,49
669,3,319,52
669,0,126,53
669,0,126,53
669,0,126,53
669,0,126,53
669,0,126,53
675,6,371,51
675,0,162,53
675,0,126,53
675,0,126,53
675,0,126,53
675,0,162,53
675,0,126,53
675,0,162,53
678,3,128,52
678,0,126,53
681,3,257,52
684,3,257,52
684,0,126,53
684,0,126,53
684,0,126,53
687,3,257,52
687,0,162,53
687,0,162,53
690,3,128,52
693,3,128,52
693,0,126,53
693,0,126,53
693,0,126,53
693,0,162,53
696,3,128,52
696,0,126,53
699,3,128,52
702,3,248,52
702,0,126,53
702,0,126,53
705,3,128,52
705,0,126,53
708,3,128,52
708,0,162,53
708,0,162,53
714,6,379,51
720,6,370,51
723,3,319,52
726,3,321,52
726,0,126,53
729,3,128,52
729,0,126,53
729,0,126,53
729,0,162,53
729,0,162,53
729,0,126,53
729,0,126,53
729,0,126,53
729,0,126,53
729,0,162,53
729,0,126,53
732,3,257,52
732,0,162,53
732,0,126,53
732,0,126,53
735,3,248,52
753,18,642,47
759,6,370,51
762,3,319,52
762,0,126,53
765,3,128,52
765,0,126,53
765,0,126,53
765,0,126,53
765,0,126,53
768,3,248,52
768,0,126,53
768,0,126,53
768,0,126,53
768,0,162,53
768,0,126,53
771,3,257,52
771,0,126,53
771,0,126,53
774,3,128,52
774,0,126,53
774,0,126,53
777,3,248,52
777,0,126,53
780,3,257,52
783,3,248,52
783,0,126,53
783,0,126,53
783,0,162,53
783,0,126,53
783,0,162,53
783,0,126,53
783,0,162,53
783,0,126,53
783,0,126,53
783,0,126,53
786,3,128,52
786,0,126,53
786,0,162,53
786,0,162,53
786,0,126,53
786,0,126,53
786,0,162,53
789,3,128,52
789,0,162,53
789,0,126,53
792,3,128,52
792,0,126,53
795,3,128,52
795,0,126,53
795,0,126,53
798,3,128,52
798,0,126,53
798,0,126,53
798,0,126,53
798,0,126,53
798,0,126,53
801,3,248,52
801,0,162,53
801,0,126,53
804,3,128,52
807,3,248,52
807,0,126,53
810,3,128,52
813,3,248,52
813,0,126,53
813,0,126,53
813,0,126,53
813,0,126,53
813,0,126,53
813,0,126,53
816,3,257,52
816,0,162,53
819,3,128,52
822,3,257,52
822,0,162,53
825,3,128,52
825,0,126,53
828,3,248,52
828,0,126,53
828,0,162,53
828,0,162,53
831,3,128,52
831,0,126,53
831,0,162,53
834,3,128,52
834,0,126,53
834,0,162,53
834,0,126,53
834,0,126,53
837,3,248,52
840,3,128,52
843,3,248,52
846,3,128,52
846,0,126,53
846,0,126,53
846,0,162,53
846,0,126,53
846,0,162,53
846,0,126,53
846,0,126,53
846,0,126,53
846,0,126,53
846,0,126,53
849,3,257,52
849,0,126,53
849,0,162,53
852,3,128,52
852,0,126,53
852,0,162,53
855,3,248,52
855,0,126,53
855,0,126,53
858,3,257,52
858,0,126,53
858,0,126,53
858,0,162,53
858,0,126,53
858,0,126,53
858,0,126,53
858,0,126,53
861,3,128,52
867,6,370,51
870,3,248,52
870,0,162,53
870,0,126,53
876,6,370,51
876,0,126,53
879,3,249,52
879,0,126,53
882,3,257,52
882,0,126,53
882,0,126,53
885,3,128,52
885,0,126,53
888,3,257,52
888,0,126,53
891,3,248,52
891,0,126,53
891,0,126,53
891,0,162,53
894,3,248,52
894,0,162,53
897,3,128,52
897,0,162,53
897,0,162,53
900,3,248,52
900,0,126,53
903,3,257,52
903,0,126,53
906,3,248,52
909,3,257,52
909,0,126,53
909,0,162,53
909,0,126,53
909,0,126,53
912,3,128,52
912,0,126,53
912,0,162,53
915,3,257,52
918,3,248,52
921,3,248,52
921,0,126,53
921,0,162,53
924,3,248,52
927,3,248,52
927,0,126,53
927,0,162,53
927,0,162,53
930,3,248,52
930,0,126,53
933,3,128,52
933,0,126,53
933,0,162,53
936,3,128,52
936,0,126,53
936,0,126,53
936,0,126,53
936,0,126,53
936,0,126,53
936,0,126,53
936,0,126,53
939,3,128,52
939,0,126,53
942,3,248,52
942,0,162,53
945,3,248,52
948,3,128,52
948,0,126,53
948,0,126,53
948,0,126,53
951,3,248,52
951,0,126,53
951,0,126,53
954,3,248,52
957,3,128,52
957,0,162,53
957,0,126,53
960,3,128,52
960,0,126,53
960,0,126,53
960,0,126,53
963,3,248,52
963,0,126,53
963,0,126,53
963,0,126,53
963,0,126,53
963,0,126,53
963,0,162,53
963,0,126,53
963,0,126,53
963,0,162,53
963,0,126,53
966,3,128,52
966,0,126,53
966,0,162,53
966,0,126,53
966,0,162,53
966,0,126,53
969,3,128,52
972,3,257,52
975,3,257,52
975,0,126,53
975,0,126,53
975,0,126,53
978,3,128,52
978,0,126,53
978,0,162,53
978,0,126,53
978,0,162,53
978,0,126,53
978,0,126,53
978,0,126,53
978,0,162,53
978,0,126,53
978,0,162,53
978,0,126,53
978,0,126,53
978,0,126,53
978,0,126,53
978,0,126,53
981,3,128,52
981,0,162,53
981,0,126,53
981,0,126,53
981,0,126,53
984,3,128,52
987,3,128,52
987,0,162,53
990,3,128,52
990,0,162,53
990,0,162,53
993,3,257,52
993,0,126,53
993,0,126,53
993,0,162,53
996,3,128,52
996,0,126,53
996,0,162,53
996,0,126,53
999,3,128,52
1002,3,248,52
1005,3,128,52
1008,3,128,52
1011,3,128,52
1011,0,162,53
1011,0,126,53
1014,3,128,52
1014,0,126,53
1014,0,126,53
1017,3,248,52
1017,0,126,53
1017,0,126,53
1017,0,162,53
1020,3,128,52
1020,0,126,53
1020,0,162,53
1023,3,128,52
1023,0,126,53
1023,0,126,53
1026,3,128,52
1026,0,162,53
1026,0,126,53
1026,0,126,53
1026,0,126,53
1026,0,126,53
1026,0,126,53
1026,0,126,53
1029,3,257,52
1032,3,248,52
1032,0,162,53
1035,3,128,52
1035,0,126,53
1038,3,257,52
1041,3,248,52
1041,0,126,53
1041,0,162,53
1044,3,128,52
1044,0,162,53
1047,3,128,52
1050,3,257,52
1050,0,126,53
1050,0,126,53
1050,0,126,53
1053,3,248,52
1053,0,162,53
1053,0,126,53
1056,3,128,52
1059,3,128,52
1062,3,248,52
1062,0,126,53
1062,0,162,53
1065,3,248,52
1065,0,126,53
1065,0,126,53
1065,0,126,53
1065,0,126,53
1068,3,257,52
1068,0,126,53
1071,3,128,52
1071,0,126,53
1071,0,162,53
1071,0,126,53
1071,0,126,53
1071,0,126,53
1071,0,126,53
1074,3,248,52
1074,0,126,53
1074,0,126,53
1074,0,162,53
1077,3,128,52
1080,3,128,52
1083,3,128,52
1086,3,128,52
1089,3,128,52
1092,3,248,52
1095,3,128,52
1095,0,126,53
1095,0,126,53
1098,3,257,52
1098,0,126,53
1098,0,126,53
1098,0,162,53
1098,0,126,53
1098,0,126,53
1098,0,126,53
1098,0,126,53
1098,0,162,53
1101,3,128,52
1104,3,248,52
1104,0,126,53
1104,0,162,53
1104,0,126,53
1104,0,126,53
1104,0,126,53
1104,0,126,53
1104,0,126,53
1104,0,126,53
1107,3,257,52
1107,0,162,53
1107,0,126,53
1107,0,126,53
1107,0,162,53
1107,0,126,53
1107,0,126,53
1110,3,248,52
1110,0,126,53
1110,0,126,53
1110,0,126,53
1110,0,126,53
1113,3,128,52
1113,0,126,53
1113,0,126,53
1113,0,126,53
1113,0,126,53
1113,0,126,53
1113,0,162,53
1113,0,126,53
1113,0,126,53
1116,3,248,52
1116,0,126,53
1116,0,162,53
1119,3,248,52
1119,0,126,53
1119,0,126,53
1119,0,162,53
1122,3,248,52
1125,3,128,52
1125,0,162,53
1125,0,126,53
1128,3,248,52
1128,0,162,53
1128,0,126,53
1131,3,248,52
1131,0,126,53
1134,3,257,52
1137,3,257,52
1137,0,126,53
1140,3,257,52
1140,0,126,53
1140,0,126,53
1140,0,126,53
1140,0,126,53
1143,3,128,52
1146,3,128,52
1149,3,128,52
1149,0,126,53
1149,0,126,53
1149,0,126,53
1149,0,126,53
1149,0,162,53
1152,3,128,52
1152,0,126,53
1155,3,128,52
1155,0,126,53
1155,0,126,53
1155,0,126,53
1155,0,162,53
1155,0,126,53
1155,0,162,53
1158,3,128,52
1158,0,126,53
1158,0,162,53
1161,3,257,52
1161,0,162,53
1161,0,162,53
1161,0,126,53
1164,3,128,52
1164,0,126,53
1164,0,126,53
1164,0,162,53
1167,3,248,52
1167,0,126,53
1167,0,126,53
1170,3,128,52
1170,0,126,53
1170,0,126,53
1173,3,248,52
1173,0,126,53
1173,0,126,53
1176,3,248,52
1179,3,248,52
1182,3,128,52
1182,0,126,53
1185,3,128,52
1185,0,162,53
1185,0,126,53
1185,0,126,53
1185,0,126,53
1185,0,126,53
1185,0,126,53
1185,0,126,53
1185,0,126,53
1185,0,126,53
1188,3,128,52
1191,3,248,52
1191,0,126,53
1191,0,162,53
1191,0,162,53
1191,0,126,53
1191,0,126,53
1191,0,162,53
1191,0,126,53
1191,0,126,53
1191,0,162,53
1194,3,257,52
1194,0,162,53
1197,3,257,52
1197,0,126,53
1197,0,126,53
1197,0,162,53
1197,0,162,53
1197,0,126,53
1197,0,126,53
1197,0,162,53
1197,0,126,53
1197,0,126,53
1197,0,126,53
1197,0,126,53
1200,3,128,52
1200,0,126,53
1200,0,126,53
1203,3,128,52
1206,3,128,52
1206,0,126,53
1206,0,126,53
1206,0,162,53
1206,0,126,53
1206,0,162,53
1206,0,162,53
1206,0,126,53
1209,3,128,52
1212,3,128,52
1212,0,126,53
1212,0,162,53
1212,0,162,53
1212,0,126,53
1212,0,126,53
1212,0,162,53
1212,0,126,53
1212,0,126,53
1212,0,126,53
1212,0,162,53
1215,3,248,52
1218,3,257,52
1218,0,126,53
1218,0,162,53
1218,0,126,53
1218,0,126,53
1218,0,126,53
1218,0,162,53
1221,3,128,52
1224,3,248,52
1227,3,257,52
1227,0,126,53
1227,0,162,53
1230,3,128,52
1230,0,126,53
1233,3,257,52
1233,0,126,53
1236,3,128,52
1236,0,126,53
1236,0,162,53
1239,3,128,52
1239,0,162,53
1242,3,257,52
1242,0,126,53
1242,0,162,53
1245,3,128,52
1245,0,162,53
1245,0,126,53
1245,0,126,53
1248,3,128,52
1248,0,126,53
1248,0,126,53
1251,3,128,52
1251,0,162,53
1251,0,126,53
1251,0,126,53
1251,0,126,53
1251,0,126,53
1251,0,126,53
1254,3,128,52
1254,0,162,53
1254,0,126,53
1254,0,126,53
1254,0,162,53
1257,3,248,52
1257,0,126,53
1260,3,248,52
1263,3,248,52
1263,0,162,53
1266,3,128,52
1269,3,128,52
1272,3,248,52
1272,0,162,53
1275,3,128,52
1275,0,162,53
1278,3,128,52
1278,0,126,53
1278,0,126,53
1278,0,126,53
1278,0,162,53
1278,0,126,53
1278,0,126,53
1281,3,128,52
1281,0,126,53
1281,0,126,53
1281,0,162,53
1284,3,128,52
1284,0,126,53
1284,0,126,53
1284,0,126,53
1287,3,128,52
1287,0,126,53
1290,3,257,52
1290,0,126,53
1290,0,126,53
1293,3,128,52
1293,0,162,53
1293,0,126,53
1296,3,248,52
1299,3,248,52
1299,0,126,53
1299,0,126,53
1299,0,162,53
1299,0,126,53
1299,0,126,53
1299,0,162,53
1299,0,126,53
1299,0,126,53
1299,0,126,53
1299,0,126,53
1302,3,128,52
1305,3,128,52
1305,0,126,53
1305,0,126,53
1308,3,128,52
1308,0,126,53
1311,3,128,52
1311,0,126,53
1311,0,162,53
1314,3,128,52
1314,0,126,53
1314,0,126,53
1317,3,128,52
1320,3,128,52
1323,3,257,52
1323,0,162,53
1323,0,126,53
1326,3,248,52
1329,3,248,52
1329,0,126,53
1329,0,126,53
1329,0,126,53
1329,0,126,53
1332,3,128,52
1335,3,257,52
1335,0,126,53
1335,0,126,53
1335,0,126,53
1338,3,128,52
1338,0,126,53
1338,0,162,53
1338,0,126,53
1338,0,126,53
1338,0,126,53
1338,0,126,53
1341,3,248,52
1341,0,162,53
1341,0,162,53
1344,3,248,52
1347,3,257,52
1347,0,126,53
1350,3,248,52
1350,0,126,53
1350,0,126,53
1350,0,126,53
1350,0,162,53
1353,3,128,52
1356,3,128,52
1359,3,128,52
1359,0,126,53
1362,3,248,52
1365,3,128,52
1368,3,128,52
1368,0,162,53
1368,0,126,53
1368,0,162,53
1371,3,128,52
1371,0,162,53
1371,0,162,53
1371,0,126,53
1371,0,126,53
1371,0,162,53
1371,0,162,53
1371,0,126,53
1371,0,126,53
1374,3,257,52
1377,3,248,52
1380,3,128,52
1383,3,257,52
1383,0,162,53
1386,3,128,52
1386,0,126,53
1386,0,126,53
1386,0,126,53
1389,3,248,52
1392,3,257,52
1392,0,162,53
1392,0,162,53
1392,0,126,53
1395,3,248,52
1398,3,248,52
1398,0,126,53
1401,3,128,52
1401,0,126,53
1401,0,126,53
1401,0,162,53
1401,0,126,53
1401,0,126,53
1404,3,248,52
1404,0,162,53
1404,0,126,53
1404,0,126,53
1404,0,126,53
1404,0,126,53
1404,0,126,53
1407,3,128,52
1407,0,126,53
1410,3,248,52
1410,0,126,53
1410,0,126,53
1410,0,126,53
1410,0,126,53
1410,0,126,53
1413,3,128,52
1413,0,126,53
1413,0,126,53
1416,3,128,52
1419,3,128,52
1419,0,162,53
1419,0,126,53
1419,0,126,53
1419,0,126,53
1419,0,162,53
1419,0,126,53
1419,0,126,53
1422,3,128,52
1425,3,128,52
1425,0,162,53
1425,0,126,53
1425,0,126,53
1425,0,126,53
1425,0,126,53
1425,0,126,53
1425,0,126,53
1428,3,248,52
