cum_score,score,time,bricks
0,0,162,53
0,0,162,53
3,3,248,52
3,0,126,53
6,3,128,52
6,0,126,53
9,3,249,52
9,0,126,53
9,0,126,53
9,0,126,53
9,0,126,53
9,0,126,53
12,3,249,52
12,0,126,53
12,0,126,53
12,0,126,53
18,6,254,51
18,0,126,53
18,0,162,53
24,6,374,51
24,0,126,53
24,0,126,53
24,0,126,53
24,0,126,53
54,30,1143,43
54,0,126,53
57,3,128,52
57,0,126,53
63,6,379,51
63,0,162,53
66,3,319,52
66,0,126,53
66,0,126,53
69,3,128,52
72,3,128,52
72,0,126,53
78,6,257,51
78,0,126,53
81,3,319,52
81,0,126,53
81,0,126,53
81,0,126,53
81,0,126,53
84,3,249,52
84,0,126,53
84,0,126,53
84,0,126,53
87,3,248,52
93,6,476,51
99,6,370,51
99,0,162,53
99,0,162,53
99,0,126,53
99,0,126,53
111,12,617,49
111,0,126,53
111,0,126,53
111,0,126,53
111,0,126,53
114,3,248,52
117,3,128,52
117,0,162,53
117,0,126,53
117,0,126,53
117,0,126,53
126,9,636,50
129,3,257,52
132,3,257,52
135,3,257,52
135,0,126,53
135,0,126,53
138,3,128,52
138,0,126,53
141,3,257,52
141,0,162,53
141,0,126,53
141,0,126,53
144,3,248,52
144,0,162,53
147,3,128,52
150,3,248,52
153,3,249,52
156,3,128,52
159,3,128,52
159,0,126,53
159,0,126,53
162,3,248,52
162,0,126,53
162,0,162,53
165,3,248,52
165,0,126,53
165,0,126,53
165,0,126,53
168,3,128,52
171,3,248,52
171,0,126,53
180,9,373,50
180,0,162,53
180,0,162,53
180,0,126,53
189,9,372,50
189,0,126,53
189,0,126,53
192,3,248,52
198,6,370,51
198,0,126,53
198,0,126,53
201,3,248,52
204,3,248,52
210,6,370,51
210,0,162,53
210,0,162,53
213,3,128,52
213,0,126,53
213,0,126,53
216,3,248,52
219,3,257,52
219,0,126,53
222,3,128,52
222,0,126,53
222,0,126,53
222,0,162,53
222,0,162,53
222,0,126,53
225,3,257,52
225,0,126,53
237,12,614,49
240,3,128,52
240,0,126,53
240,0,162,53
243,3,257,52
243,0,126,53
243,0,126,53
243,0,126,53
246,3,248,52
246,0,126,53
252,6,250,51
252,0,126,53
255,3,319,52
255,0,126,53
258,3,248,52
258,0,126,53
261,3,248,52
267,6,250,51
279,12,379,49
279,0,126,53
282,3,319,52
288,6,370,51
288,0,126,53
288,0,126,53
312,24,985,45
312,0,126,53
312,0,126,53
312,0,126,53
315,3,257,52
318,3,319,52
327,9,510,50
333,6,372,51
339,6,370,51
339,0,126,53
339,0,126,53
339,0,162,53
342,3,128,52
342,0,162,53
345,3,248,52
348,3,128,52
348,0,126,53
348,0,126,53
348,0,126,53
348,0,162,53
351,3,128,52
351,0,126,53
351,0,126,53
351,0,126,53
351,0,126,53
351,0,126,53
351,0,126,53
351,0,162,53
357,6,370,51
357,0,126,53
384,27,760,44
387,3,248,52
387,0,162,53
387,0,126,53
390,3,249,52
390,0,162,53
390,0,126,53
390,0,126,53
390,0,162,53
390,0,126,53
390,0,126,53
393,3,128,52
393,0,126,53
396,3,248,52
396,0,126,53
396,0,126,53
396,0,126,53
396,0,126,53
396,0,126,53
396,0,126,53
396,0,126,53
402,6,476,51
402,0,126,53
405,3,248,52
414,9,488,50
414,0,126,53
417,3,128,52
420,3,128,52
429,9,373,50
429,0,126,53
432,3,248,52
432,0,162,53
432,0,126,53
435,3,248,52
438,3,128,52
441,3,128,52
441,0,162,53
444,3,128,52
444,0,126,53
444,0,162,53
447,3,128,52
450,3,248,52
453,3,248,52
453,0,126,53
453,0,162,53
456,3,128,52
459,3,257,52
459,0,126,53
459,0,126,53
459,0,162,53
459,0,162,53
459,0,126,53
462,3,257,52
462,0,126,53
462,0,162,53
465,3,128,52
465,0,126,53
468,3,128,52
468,0,126,53
468,0,126,53
468,0,126,53
471,3,128,52
471,0,126,53
471,0,126,53
471,0,162,53
471,0,126,53
474,3,257,52
474,0,126,53
477,3,128,52
477,0,126,53
477,0,126,53
477,0,126,53
480,3,128,52
480,0,126,53
480,0,126,53
480,0,126,53
480,0,162,53
480,0,162,53
483,3,128,52
486,3,128,52
486,0,126,53
489,3,257,52
492,3,128,52
492,0,126,53
492,0,162,53
492,0,162,53
495,3,128,52
495,0,126,53
495,0,126,53
495,0,126,53
498,3,128,52
498,0,162,53
498,0,126,53
498,0,126,53
498,0,162,53
501,3,248,52
501,0,126,53
504,3,128,52
504,0,126,53
516,12,503,49
516,0,126,53
516,0,126,53
516,0,162,53
528,12,388,49
528,0,126,53
531,3,248,52
534,3,319,52
534,0,126,53
537,3,128,52
537,0,126,53
537,0,126,53
537,0,126,53
537,0,126,53
537,0,126,53
540,3,248,52
543,3,319,52
543,0,126,53
543,0,126,53
552,9,510,50
552,0,126,53
555,3,257,52
555,0,126,53
555,0,162,53
555,0,126,53
555,0,126,53
555,0,126,53
555,0,162,53
555,0,126,53
555,0,126,53
555,0,126,53
555,0,126,53
555,0,126,53
555,0,162,53
555,0,126,53
555,0,162,53
555,0,126,53
555,0,162,53
555,0,162,53
555,0,126,53
555,0,162,53
555,0,126,53
558,3,257,52
558,0,126,53
561,3,257,52
561,0,126,53
561,0,126,53
561,0,162,53
561,0,126,53
561,0,126,53
564,3,128,52
564,0,126,53
564,0,126,53
567,3,128,52
567,0,126,53
567,0,162,53
567,0,126,53
567,0,126,53
567,0,126,53
570,3,248,52
570,0,126,53
570,0,126,53
573,3,128,52
573,0,126,53
576,3,128,52
576,0,126,53
576,0,162,53
579,3,128,52
579,0,162,53
579,0,126,53
579,0,126,53
579,0,126,53
579,0,126,53
582,3,248,52
582,0,126,53
585,3,257,52
585,0,126,53
585,0,126,53
585,0,126,53
585,0,126,53
585,0,126,53
585,0,126,53
585,0,126,53
585,0,126,53
585,0,162,53
585,0,162,53
585,0,126,53
588,3,128,52
588,0,126,53
588,0,126,53
591,3,257,52
591,0,126,53
594,3,248,52
594,0,126,53
594,0,126,53
597,3,257,52
597,0,162,53
597,0,126,53
597,0,126,53
597,0,126,53
600,3,128,52
600,0,126,53
600,0,126,53
603,3,128,52
606,3,128,52
606,0,126,53
609,3,128,52
609,0,162,53
609,0,126,53
609,0,162,53
609,0,126,53
609,0,162,53
609,0,126,53
612,3,248,52
612,0,126,53
612,0,126,53
612,0,126,53
615,3,248,52
615,0,126,53
615,0,126,53
615,0,126,53
615,0,162,53
615,0,126,53
618,3,128,52
618,0,126,53
618,0,126,53
618,0,126,53
621,3,248,52
624,3,248,52
624,0,126,53
624,0,126,53
624,0,162,53
624,0,126,53
627,3,128,52
630,3,248,52
630,0,126,53
630,0,162,53
630,0,162,53
630,0,126,53
633,3,128,52
633,0,126,53
636,3,128,52
636,0,126,53
636,0,126,53
636,0,162,53
636,0,126,53
636,0,126,53
636,0,126,53
636,0,126,53
639,3,257,52
639,0,162,53
642,3,128,52
642,0,126,53
645,3,248,52
645,0,126,53
645,0,162,53
648,3,128,52
648,0,126,53
648,0,126,53
648,0,126,53
651,3,128,52
651,0,162,53
651,0,126,53
654,3,128,52
657,3,248,52
657,0,126,53
660,3,128,52
660,0,126,53
660,0,162,53
660,0,126,53
660,0,162,53
660,0,126,53
660,0,126,53
660,0,126,53
660,0,162,53
660,0,126,53
660,0,162,53
660,0,126,53
663,3,128,52
663,0,126,53
663,0,126,53
663,0,126,53
663,0,126,53
663,0,162,53
663,0,126,53
663,0,126,53
663,0,126,53
663,0,162,53
663,0,126,53
663,0,126,53
663,0,126,53
663,0,126,53
663,0,162,53
663,0,126,53
663,0,162,53
666,3,248,52
666,0,126,53
669,3,248,52
669,0,162,53
672,3,257,52
675,3,257,52
678,3,128,52
678,0,126,53
681,3,128,52
681,0,162,53
681,0,162,53
684,3,257,52
687,3,257,52
690,3,257,52
690,0,162,53
693,3,128,52
693,0,126,53
693,0,126,53
693,0,126,53
696,3,257,52
696,0,126,53
696,0,126,53
699,3,257,52
702,3,257,52
702,0,162,53
702,0,126,53
705,3,257,52
705,0,126,53
708,3,257,52
708,0,126,53
708,0,126,53
711,3,257,52
711,0,126,53
714,3,128,52
714,0,126,53
717,3,248,52
717,0,126,53
717,0,162,53
717,0,126,53
720,3,128,52
720,0,126,53
723,3,128,52
723,0,126,53
723,0,162,53
723,0,126,53
723,0,126,53
723,0,126,53
723,0,126,53
723,0,126,53
723,0,126,53
723,0,162,53
726,3,128,52
726,0,126,53
726,0,126,53
729,3,257,52
729,0,126,53
729,0,126,53
729,0,126,53
729,0,162,53
729,0,162,53
729,0,126,53
729,0,126,53
732,3,128,52
732,0,126,53
732,0,126,53
732,0,126,53
732,0,126,53
732,0,162,53
732,0,126,53
735,3,257,52
738,3,128,52
738,0,162,53
741,3,248,52
744,3,248,52
744,0,126,53
744,0,162,53
747,3,248,52
750,3,128,52
750,0,126,53
750,0,126,53
750,0,126,53
750,0,126,53
750,0,126,53
753,3,257,52
753,0,162,53
756,3,248,52
756,0,126,53
759,3,257,52
762,3,248,52
762,0,162,53
762,0,162,53
762,0,126,53
765,3,128,52
765,0,162,53
765,0,126,53
768,3,248,52
771,3,128,52
771,0,126,53
771,0,126,53
774,3,128,52
774,0,126,53
774,0,126,53
774,0,162,53
774,0,126,53
774,0,126,53
777,3,128,52
777,0,126,53
777,0,126,53
777,0,126,53
777,0,126,53
777,0,162,53
780,3,128,52
780,0,126,53
780,0,162,53
780,0,126,53
780,0,126,53
783,3,248,52
786,3,248,52
786,0,126,53
786,0,162,53
786,0,162,53
786,0,126,53
786,0,126,53
786,0,162,53
789,3,128,52
789,0,126,53
789,0,126,53
789,0,126,53
789,0,126,53
789,0,126,53
789,0,126,53
789,0,126,53
789,0,126,53
789,0,126,53
789,0,126,53
792,3,248,52
792,0,162,53
792,0,126,53
792,0,126,53
795,3,128,52
795,0,126,53
795,0,126,53
798,3,128,52
798,0,162,53
798,0,126,53
798,0,126,53
798,0,162,53
798,0,126,53
798,0,162,53
798,0,126,53
801,3,128,52
801,0,126,53
804,3,128,52
804,0,126,53
804,0,162,53
804,0,126,53
804,0,126,53
807,3,128,52
810,3,128,52
813,3,248,52
813,0,126,53
813,0,162,53
813,0,126,53
813,0,126,53
816,3,248,52
816,0,126,53
816,0,126,53
816,0,126,53
816,0,126,53
816,0,162,53
816,0,126,53
819,3,248,52
819,0,126,53
819,0,126,53
819,0,126,53
819,0,126,53
822,3,128,52
822,0,162,53
822,0,126,53
822,0,126,53
825,3,128,52
825,0,126,53
825,0,126,53
828,3,128,52
828,0,162,53
831,3,128,52
831,0,162,53
831,0,126,53
831,0,126,53
831,0,162,53
834,3,248,52
837,3,128,52
837,0,162,53
837,0,126,53
840,3,128,52
840,0,162,53
840,0,126,53
840,0,126,53
840,0,126,53
840,0,126,53
843,3,128,52
843,0,126,53
843,0,126,53
843,0,126,53
843,0,126,53
843,0,162,53
843,0,162,53
843,0,126,53
843,0,162,53
843,0,162,53
843,0,162,53
846,3,128,52
846,0,126,53
846,0,126,53
846,0,126,53
846,0,162,53
846,0,126,53
846,0,126,53
846,0,126,53
846,0,162,53
849,3,128,52
849,0,126,53
852,3,257,52
852,0,162,53
852,0,126,53
852,0,162,53
855,3,128,52
855,0,126,53
858,3,248,52
861,3,257,52
864,3,128,52
864,0,126,53
867,3,128,52
867,0,162,53
867,0,126,53
870,3,257,52
873,3,128,52
876,3,248,52
876,0,126,53
879,3,248,52
879,0,126,53
882,3,248,52
882,0,162,53
882,0,126,53
882,0,126,53
885,3,128,52
888,3,128,52
888,0,126,53
888,0,126,53
888,0,126,53
888,0,126,53
888,0,126,53
888,0,126,53
888,0,126,53
888,0,126,53
891,3,248,52
891,0,126,53
891,0,126,53
891,0,126,53
894,3,257,52
894,0,126,53
894,0,126,53
897,3,248,52
900,3,248,52
900,0,126,53
900,0,126,53
903,3,128,52
906,3,128,52
906,0,162,53
909,3,248,52
909,0,162,53
909,0,126,53
909,0,126,53
909,0,126,53
909,0,126,53
912,3,128,52
912,0,126,53
912,0,126,53
915,3,128,52
915,0,126,53
915,0,126,53
915,0,126,53
915,0,126,53
918,3,257,52
918,0,126,53
918,0,162,53
921,3,248,52
921,0,162,53
921,0,126,53
924,3,248,52
924,0,126,53
924,0,162,53
924,0,126,53
924,0,162,53
927,3,128,52
930,3,128,52
930,0,126,53
930,0,126,53
930,0,162,53
930,0,126,53
933,3,248,52
936,3,257,52
936,0,126,53
936,0,126,53
936,0,126,53
939,3,248,52
939,0,126,53
939,0,126,53
942,3,248,52
945,3,248,52
945,0,126,53
945,0,126,53
948,3,257,52
951,3,248,52
951,0,162,53
951,0,126,53
951,0,126,53
954,3,248,52
954,0,126,53
954,0,126,53
954,0,126,53
954,0,162,53
954,0,126,53
954,0,126,53
954,0,126,53
954,0,126,53
957,3,128,52
957,0,126,53
957,0,126,53
960,3,128,52
963,3,128,52
963,0,126,53
963,0,126,53
966,3,248,52
966,0,162,53
969,3,248,52
972,3,128,52
972,0,126,53
972,0,126,53
972,0,126,53
972,0,126,53
975,3,257,52
975,0,162,53
975,0,126,53
978,3,128,52
978,0,126,53
981,3,248,52
981,0,126,53
981,0,126,53
981,0,162,53
981,0,126,53
984,3,128,52
984,0,162,53
987,3,128,52
987,0,126,53
987,0,162,53
987,0,126,53
987,0,162,53
990,3,128,52
993,3,128,52
993,0,126,53
996,3,128,52
996,0,162,53
999,3,128,52
1002,3,128,52
1002,0,126,53
1002,0,162,53
1002,0,126,53
1002,0,126,53
1002,0,126,53
1005,3,128,52
1005,0,126,53
1005,0,162,53
1005,0,126,53
1005,0,126,53
1008,3,257,52
1008,0,126,53
1008,0,126,53
1008,0,126,53
1008,0,126,53
1011,3,248,52
1011,0,162,53
1011,0,126,53
1011,0,126,53
1011,0,162,53
1011,0,126,53
1014,3,128,52
1017,3,128,52
1017,0,162,53
1020,3,128,52
1020,0,126,53
1023,3,128,52
1023,0,126,53
1026,3,248,52
1026,0,162,53
1026,0,126,53
1029,3,248,52
1032,3,257,52
1032,0,126,53
1032,0,126,53
1032,0,162,53
1032,0,126,53
1032,0,126,53
1035,3,257,52
1035,0,126,53
1038,3,257,52
1041,3,248,52
1041,0,126,53
1041,0,126,53
1044,3,257,52
1044,0,162,53
1044,0,126,53
1044,0,126,53
1044,0,126,53
1044,0,126,53
1044,0,126,53
1047,3,257,52
1047,0,162,53
1050,3,248,52
1050,0,162,53
1050,0,126,53
1053,3,128,52
1053,0,126,53
1053,0,162,53
1053,0,126,53
1056,3,248,52
1059,3,128,52
1062,3,257,52
1062,0,162,53
1062,0,162,53
1065,3,257,52
1065,0,126,53
1065,0,126,53
1065,0,162,53
1065,0,126,53
1068,3,128,52
1068,0,126,53
1068,0,126,53
1068,0,162,53
1071,3,128,52
1071,0,126,53
1071,0,126,53
1071,0,126,53
1074,3,128,52
1077,3,248,52
1077,0,126,53
1077,0,126,53
1077,0,126,53
1080,3,248,52
1083,3,128,52
1083,0,126,53
1083,0,162,53
1083,0,126,53
1083,0,162,53
1083,0,126,53
1083,0,126,53
1083,0,162,53
1083,0,126,53
1083,0,126,53
1083,0,126,53
1083,0,162,53
1086,3,128,52
1089,3,248,52
1089,0,126,53
1089,0,126,53
1089,0,126,53
1089,0,162,53
1089,0,126,53
1092,3,257,52
1092,0,162,53
1092,0,126,53
1095,3,128,52
1098,3,128,52
1098,0,126,53
1098,0,126,53
1101,3,128,52
1101,0,162,53
1101,0,126,53
1104,3,128,52
1107,3,248,52
1107,0,126,53
1107,0,126,53
1107,0,126,53
1107,0,126,53
1110,3,248,52
1110,0,126,53
1113,3,128,52
1113,0,126,53
1113,0,126,53
1113,0,126,53
1113,0,126,53
1113,0,162,53
1116,3,248,52
1116,0,126,53
1116,0,126,53
1116,0,126,53
1116,0,126,53
1116,0,126,53
1116,0,126,53
1116,0,126,53
1119,3,128,52
1119,0,126,53
1119,0,126,53
1119,0,126,53
1119,0,126,53
1122,3,128,52
1122,0,126,53
1125,3,128,52
1128,3,128,52
1131,3,128,52
1131,0,162,53
1134,3,257,52
1134,0,126,53
1137,3,257,52
1137,0,126,53
1137,0,162,53
1137,0,126,53
1137,0,162,53
1137,0,126,53
1137,0,126,53
1140,3,248,52
1140,0,126,53
1140,0,126,53
1140,0,126,53
1140,0,162,53
1140,0,126,53
