cum_score,score,time,bricks
0,0,126,53
0,0,126,53
0,0,126,53
3,3,128,52
3,0,126,53
3,0,126,53
6,3,257,52
6,0,126,53
6,0,126,53
6,0,126,53
6,0,126,53
12,6,257,51
21,9,372,50
21,0,126,53
24,3,248,52
33,9,492,50
36,3,249,52
36,0,126,53
36,0,126,53
36,0,126,53
39,3,128,52
42,3,257,52
81,39,1559,40
81,0,162,53
81,0,126,53
84,3,128,52
84,0,126,53
102,18,754,47
105,3,319,52
105,0,126,53
111,6,476,51
120,9,372,50
120,0,126,53
129,9,492,50
132,3,248,52
132,0,126,53
135,3,249,52
147,12,379,49
147,0,162,53
147,0,126,53
150,3,248,52
150,0,126,53
150,0,126,53
150,0,126,53
150,0,126,53
150,0,126,53
153,3,128,52
153,0,126,53
153,0,126,53
153,0,126,53
153,0,162,53
153,0,162,53
159,6,476,51
159,0,126,53
162,3,248,52
162,0,126,53
165,3,128,52
168,3,248,52
174,6,476,51
174,0,126,53
174,0,162,53
177,3,128,52
177,0,126,53
210,33,1017,42
210,0,126,53
210,0,162,53
213,3,128,52
213,0,126,53
213,0,162,53
213,0,126,53
213,0,126,53
213,0,162,53
213,0,126,53
213,0,126,53
213,0,162,53
213,0,126,53
216,3,249,52
225,9,373,50
228,3,257,52
228,0,126,53
231,3,128,52
231,0,126,53
231,0,126,53
231,0,126,53
234,3,248,52
237,3,128,52
237,0,162,53
237,0,162,53
237,0,162,53
237,0,126,53
237,0,162,53
237,0,162,53
237,0,126,53
240,3,257,52
240,0,126,53
243,3,128,52
246,3,128,52
246,0,126,53
246,0,162,53
249,3,248,52
249,0,162,53
249,0,162,53
249,0,162,53
249,0,162,53
255,6,370,51
255,0,162,53
255,0,126,53
255,0,162,53
255,0,126,53
255,0,162,53
255,0,126,53
255,0,126,53
258,3,248,52
258,0,126,53
258,0,126,53
261,3,128,52
261,0,126,53
264,3,248,52
264,0,162,53
267,3,248,52
267,0,126,53
267,0,126,53
270,3,319,52
270,0,126,53
279,9,633,50
279,0,126,53
279,0,126,53
279,0,126,53
282,3,128,52
282,0,162,53
288,6,379,51
288,0,162,53
288,0,126,53
288,0,162,53
291,3,248,52
291,0,126,53
291,0,126,53
291,0,126,53
291,0,126,53
300,9,493,50
309,9,257,50
312,3,248,52
312,0,126,53
312,0,126,53
315,3,128,52
315,0,162,53
324,9,373,50
327,3,128,52
327,0,126,53
327,0,126,53
327,0,126,53
336,9,373,50
336,0,126,53
339,3,128,52
339,0,162,53
342,3,248,52
342,0,126,53
342,0,126,53
342,0,126,53
342,0,126,53
345,3,248,52
345,0,162,53
345,0,126,53
345,0,126,53
345,0,126,53
348,3,319,52
354,6,259,51
357,3,319,52
357,0,126,53
366,9,492,50
369,3,128,52
369,0,126,53
372,3,319,52
375,3,250,52
375,0,126,53
375,0,126,53
378,3,248,52
378,0,126,53
378,0,126,53
378,0,126,53
381,3,128,52
381,0,126,53
381,0,126,53
381,0,126,53
381,0,126,53
381,0,162,53
381,0,126,53
384,3,257,52
384,0,126,53
384,0,162,53
384,0,162,53
387,3,128,52
387,0,126,53
387,0,126,53
387,0,126,53
390,3,248,52
393,3,248,52
393,0,162,53
393,0,126,53
393,0,126,53
393,0,126,53
393,0,126,53
393,0,126,53
393,0,126,53
393,0,126,53
393,0,162,53
396,3,128,52
399,3,248,52
399,0,162,53
399,0,126,53
402,3,128,52
402,0,162,53
402,0,162,53
402,0,126,53
402,0,126,53
405,3,128,52
405,0,126,53
408,3,248,52
408,0,126,53
408,0,126,53
408,0,162,53
420,12,501,49
420,0,162,53
423,3,128,52
426,3,128,52
429,3,128,52
429,0,126,53
429,0,126,53
429,0,126,53
429,0,162,53
429,0,162,53
429,0,126,53
429,0,126,53
429,0,162,53
429,0,126,53
432,3,248,52
438,6,379,51
444,6,370,51
453,9,372,50
456,3,248,52
456,0,126,53
456,0,126,53
459,3,128,52
462,3,128,52
465,3,248,52
465,0,162,53
465,0,126,53
465,0,162,53
465,0,162,53
465,0,162,53
468,3,128,52
468,0,126,53
468,0,162,53
468,0,126,53
468,0,126,53
468,0,162,53
471,3,128,52
471,0,126,53
471,0,126,53
471,0,126,53
471,0,162,53
471,0,126,53
474,3,248,52
474,0,126,53
474,0,126,53
477,3,248,52
477,0,126,53
480,3,128,52
480,0,162,53
483,3,257,52
483,0,126,53
486,3,257,52
486,0,126,53
486,0,162,53
486,0,126,53
486,0,126,53
486,0,126,53
486,0,126,53
486,0,126,53
486,0,126,53
489,3,128,52
489,0,126,53
489,0,126,53
489,0,126,53
489,0,162,53
489,0,162,53
492,3,128,52
492,0,126,53
492,0,126,53
492,0,126,53
492,0,126,53
495,3,128,52
498,3,128,52
498,0,126,53
498,0,162,53
498,0,126,53
501,3,257,52
501,0,162,53
501,0,126,53
501,0,126,53
501,0,126,53
504,3,248,52
504,0,126,53
507,3,257,52
507,0,162,53
507,0,126,53
513,6,370,51
516,3,128,52
516,0,162,53
516,0,162,53
516,0,126,53
519,3,248,52
519,0,126,53
519,0,126,53
522,3,128,52
528,6,370,51
528,0,162,53
531,3,128,52
534,3,128,52
537,3,257,52
537,0,126,53
537,0,126,53
537,0,126,53
537,0,126,53
537,0,126,53
537,0,126,53
537,0,126,53
537,0,126,53
537,0,126,53
537,0,162,53
537,0,126,53
540,3,257,52
540,0,126,53
540,0,126,53
540,0,126,53
540,0,126,53
540,0,162,53
540,0,126,53
540,0,126,53
540,0,126,53
540,0,126,53
540,0,162,53
543,3,128,52
546,3,251,52
549,3,128,52
552,3,249,52
552,0,126,53
555,3,248,52
555,0,126,53
555,0,126,53
555,0,126,53
555,0,162,53
555,0,126,53
555,0,162,53
555,0,126,53
555,0,162,53
555,0,126,53
555,0,162,53
555,0,126,53
555,0,126,53
558,3,248,52
558,0,162,53
561,3,128,52
561,0,126,53
561,0,162,53
561,0,126,53
564,3,128,52
564,0,126,53
564,0,126,53
564,0,126,53
564,0,126,53
564,0,126,53
564,0,126,53
564,0,126,53
564,0,126,53
564,0,162,53
564,0,126,53
564,0,126,53
564,0,162,53
567,3,257,52
567,0,126,53
567,0,126,53
567,0,126,53
570,3,128,52
570,0,126,53
570,0,126,53
570,0,126,53
570,0,126,53
570,0,162,53
573,3,128,52
576,3,248,52
579,3,128,52
579,0,126,53
582,3,257,52
585,3,248,52
585,0,126,53
585,0,126,53
588,3,257,52
588,0,126,53
588,0,126,53
588,0,126,53
588,0,162,53
588,0,126,53
588,0,126,53
588,0,126,53
588,0,126,53
591,3,128,52
594,3,128,52
594,0,126,53
594,0,126,53
597,3,128,52
597,0,126,53
600,3,128,52
600,0,126,53
600,0,126,53
600,0,126,53
600,0,126,53
600,0,126,53
603,3,128,52
603,0,126,53
603,0,126,53
603,0,126,53
606,3,128,52
609,3,257,52
609,0,162,53
612,3,248,52
612,0,126,53
612,0,126,53
612,0,162,53
612,0,162,53
615,3,128,52
615,0,126,53
615,0,162,53
615,0,126,53
615,0,126,53
615,0,126,53
615,0,126,53
615,0,126,53
615,0,126,53
618,3,248,52
618,0,126,53
618,0,126,53
618,0,126,53
618,0,126,53
618,0,126,53
621,3,128,52
624,3,257,52
624,0,126,53
624,0,126,53
624,0,126,53
624,0,162,53
624,0,126,53
627,3,257,52
630,3,257,52
630,0,162,53
630,0,126,53
630,0,126,53
630,0,126,53
630,0,126,53
630,0,126,53
630,0,162,53
630,0,126,53
630,0,126,53
630,0,126,53
630,0,126,53
630,0,126,53
630,0,126,53
630,0,126,53
630,0,126,53
633,3,128,52
636,3,248,52
639,3,128,52
639,0,126,53
642,3,128,52
642,0,126,53
642,0,126,53
645,3,128,52
645,0,162,53
645,0,126,53
645,0,162,53
648,3,257,52
648,0,126,53
648,0,126,53
651,3,128,52
651,0,126,53
651,0,126,53
651,0,162,53
654,3,248,52
654,0,126,53
654,0,126,53
657,3,248,52
657,0,126,53
657,0,126,53
657,0,126,53
660,3,248,52
660,0,126,53
660,0,126,53
660,0,162,53
663,3,248,52
666,3,248,52
669,3,248,52
672,3,257,52
672,0,162,53
672,0,126,53
672,0,162,53
672,0,126,53
672,0,162,53
675,3,248,52
678,3,248,52
678,0,162,53
681,3,128,52
684,3,128,52
684,0,162,53
687,3,128,52
690,3,128,52
690,0,126,53
690,0,162,53
690,0,126,53
693,3,128,52
693,0,126,53
696,3,248,52
699,3,248,52
699,0,126,53
699,0,126,53
702,3,128,52
705,3,128,52
705,0,126,53
705,0,126,53
705,0,126,53
705,0,126,53
705,0,126,53
705,0,126,53
705,0,162,53
708,3,128,52
708,0,126,53
708,0,126,53
708,0,126,53
711,3,257,52
714,3,248,52
714,0,162,53
717,3,128,52
720,3,128,52
720,0,126,53
720,0,162,53
720,0,162,53
720,0,126,53
720,0,162,53
720,0,126,53
720,0,162,53
723,3,128,52
726,3,128,52
729,3,128,52
729,0,162,53
729,0,126,53
729,0,126,53
729,0,126,53
729,0,126,53
729,0,162,53
729,0,126,53
729,0,162,53
729,0,126,53
729,0,126,53
729,0,162,53
729,0,126,53
729,0,126,53
729,0,126,53
729,0,126,53
729,0,162,53
729,0,126,53
729,0,126,53
729,0,126,53
729,0,126,53
729,0,126,53
732,3,128,52
735,3,128,52
735,0,126,53
735,0,126,53
738,3,128,52
738,0,126,53
741,3,128,52
741,0,126,53
741,0,126,53
741,0,162,53
741,0,162,53
741,0,126,53
741,0,126,53
741,0,126,53
744,3,128,52
744,0,126,53
744,0,126,53
744,0,126,53
744,0,126,53
744,0,126,53
744,0,162,53
744,0,126,53
744,0,126,53
744,0,126,53
744,0,126,53
744,0,126,53
744,0,126,53
747,3,248,52
747,0,162,53
747,0,162,53
747,0,162,53
747,0,126,53
750,3,128,52
753,3,128,52
753,0,126,53
753,0,162,53
753,0,162,53
753,0,126,53
753,0,126,53
756,3,128,52
759,3,248,52
762,3,128,52
762,0,126,53
762,0,126,53
765,3,248,52
765,0,126,53
768,3,128,52
768,0,162,53
768,0,126,53
768,0,162,53
771,3,128,52
771,0,162,53
771,0,126,53
771,0,126,53
774,3,128,52
774,0,126,53
774,0,126,53
774,0,162,53
774,0,126,53
774,0,126,53
777,3,128,52
777,0,162,53
777,0,126,53
777,0,126,53
777,0,126,53
780,3,128,52
780,0,126,53
780,0,162,53
780,0,126,53
780,0,126,53
780,0,126,53
780,0,126,53
783,3,128,52
783,0,126,53
783,0,126,53
783,0,162,53
786,3,248,52
786,0,162,53
786,0,126,53
786,0,126,53
786,0,162,53
786,0,126,53
789,3,128,52
789,0,162,53
789,0,162,53
792,3,128,52
792,0,126,53
795,3,128,52
795,0,126,53
795,0,126,53
795,0,126,53
795,0,126,53
795,0,126,53
798,3,128,52
801,3,257,52
801,0,162,53
801,0,126,53
801,0,162,53
801,0,126,53
804,3,257,52
804,0,126,53
804,0,126,53
804,0,162,53
804,0,126,53
807,3,257,52
810,3,128,52
810,0,126,53
810,0,126,53
810,0,126,53
810,0,162,53
813,3,248,52
816,3,248,52
816,0,162,53
816,0,126,53
816,0,126,53
816,0,126,53
816,0,126,53
816,0,126,53
816,0,126,53
816,0,126,53
816,0,126,53
816,0,126,53
816,0,126,53
819,3,257,52
819,0,126,53
819,0,126,53
819,0,126,53
819,0,126,53
822,3,128,52
822,0,162,53
822,0,162,53
825,3,248,52
828,3,248,52
828,0,126,53
831,3,128,52
834,3,128,52
834,0,126,53
834,0,126,53
834,0,126,53
834,0,126,53
837,3,128,52
837,0,126,53
840,3,248,52
840,0,126,53
840,0,126,53
840,0,162,53
843,3,128,52
843,0,126,53
843,0,126,53
843,0,162,53
843,0,126,53
843,0,126,53
846,3,128,52
846,0,126,53
846,0,126,53
849,3,128,52
852,3,248,52
852,0,126,53
852,0,126,53
852,0,126,53
852,0,126,53
852,0,126,53
852,0,126,53
855,3,257,52
855,0,126,53
855,0,126,53
855,0,162,53
858,3,128,52
861,3,257,52
861,0,126,53
864,3,128,52
864,0,126,53
864,0,162,53
864,0,162,53
864,0,126,53
864,0,126,53
867,3,248,52
870,3,128,52
870,0,126,53
870,0,126,53
870,0,126,53
873,3,128,52
873,0,126,53
876,3,128,52
879,3,257,52
882,3,257,52
882,0,126,53
882,0,126,53
882,0,162,53
882,0,126,53
882,0,126,53
885,3,248,52
885,0,126,53
885,0,126,53
885,0,126,53
885,0,162,53
885,0,126,53
885,0,126,53
888,3,248,52
888,0,126,53
888,0,126,53
888,0,126,53
888,0,126,53
888,0,162,53
888,0,126,53
888,0,126,53
888,0,162,53
891,3,248,52
891,0,126,53
891,0,126,53
891,0,126,53
891,0,126,53
891,0,162,53
891,0,126,53
891,0,162,53
894,3,128,52
894,0,162,53
894,0,126,53
894,0,162,53
894,0,162,53
894,0,126,53
894,0,126,53
894,0,126,53
894,0,126,53
897,3,128,52
897,0,126,53
897,0,126,53
900,3,257,52
900,0,126,53
903,3,128,52
903,0,126,53
903,0,126,53
906,3,128,52
906,0,126,53
906,0,126,53
906,0,126,53
906,0,162,53
906,0,126,53
909,3,128,52
909,0,126,53
912,3,128,52
912,0,126,53
912,0,162,53
912,0,126,53
912,0,162,53
912,0,126,53
915,3,257,52
915,0,126,53
918,3,128,52
918,0,162,53
918,0,126,53
918,0,126,53
918,0,126,53
918,0,126,53
918,0,162,53
918,0,162,53
918,0,126,53
918,0,126,53
918,0,126,53
918,0,162,53
918,0,126,53
918,0,126,53
921,3,128,52
921,0,126,53
921,0,126,53
924,3,248,52
927,3,128,52
927,0,126,53
930,3,257,52
930,0,126,53
930,0,162,53
933,3,248,52
933,0,126,53
936,3,128,52
936,0,126,53
939,3,257,52
939,0,126,53
939,0,126,53
939,0,126,53
942,3,128,52
942,0,126,53
942,0,162,53
945,3,128,52
948,3,248,52
948,0,126,53
948,0,126,53
951,3,257,52
954,3,128,52
954,0,162,53
954,0,126,53
954,0,126,53
954,0,126,53
954,0,126,53
954,0,126,53
954,0,126,53
954,0,126,53
957,3,128,52
960,3,257,52
960,0,126,53
960,0,126,53
960,0,126,53
960,0,126,53
960,0,126,53
960,0,126,53
963,3,248,52
963,0,126,53
963,0,162,53
966,3,248,52
966,0,162,53
966,0,126,53
966,0,162,53
969,3,128,52
969,0,126,53
969,0,126,53
969,0,126,53
969,0,162,53
969,0,126,53
969,0,162,53
969,0,126,53
969,0,126,53
969,0,126,53
969,0,126,53
969,0,126,53
969,0,126,53
972,3,128,52
972,0,126,53
972,0,162,53
972,0,126,53
972,0,162,53
972,0,162,53
972,0,126,53
972,0,126,53
972,0,126,53
975,3,128,52
978,3,128,52
981,3,257,52
981,0,126,53
981,0,126,53
981,0,126,53
981,0,126,53
984,3,257,52
984,0,126,53
987,3,248,52
987,0,126,53
987,0,126,53
987,0,162,53
987,0,162,53
987,0,126,53
987,0,126,53
987,0,126,53
987,0,162,53
987,0,126,53
987,0,126,53
987,0,162,53
987,0,162,53
990,3,257,52
990,0,126,53
990,0,126,53
993,3,248,52
993,0,126,53
993,0,162,53
993,0,162,53
993,0,126,53
993,0,126,53
993,0,126,53
996,3,128,52
996,0,126,53
996,0,126,53
996,0,126,53
996,0,126,53
996,0,126,53
996,0,126,53
996,0,162,53
996,0,162,53
996,0,126,53
999,3,128,52
999,0,126,53
1002,3,128,52
1002,0,162,53
1005,3,248,52
1005,0,162,53
1005,0,126,53
1005,0,126,53
1005,0,126,53
1008,3,248,52
1008,0,162,53
1008,0,126,53
1008,0,126,53
1008,0,126,53
1008,0,126,53
1008,0,162,53
1008,0,126,53
1008,0,126,53
1011,3,128,52
1011,0,126,53
1011,0,126,53
1011,0,126,53
1011,0,126,53
1011,0,126,53
1011,0,162,53
1011,0,126,53
1011,0,126,53
1011,0,126,53
1014,3,128,52
1017,3,128,52
1017,0,126,53
1017,0,126,53
1020,3,257,52
1023,3,128,52
1023,0,126,53
1026,3,248,52
1029,3,248,52
1029,0,126,53
1029,0,126,53
1029,0,126,53
1029,0,126,53
1029,0,126,53
1029,0,126,53
1029,0,126,53
1029,0,126,53
1032,3,248,52
1035,3,257,52
1035,0,162,53
1035,0,162,53
1035,0,126,53
1035,0,162,53
1035,0,162,53
