cum_score,score,time,bricks
0,0,162,53
3,3,128,52
3,0,126,53
3,0,126,53
3,0,126,53
18,15,634,48
18,0,126,53
42,24,1501,45
63,21,1285,46
63,0,126,53
69,6,370,51
72,3,128,52
72,0,162,53
72,0,126,53
72,0,162,53
72,0,126,53
72,0,126,53
78,6,476,51
162,84,3764,25
165,3,248,52
198,33,1531,42
219,21,921,46
288,69,2959,30
288,0,162,53
288,0,126,53
294,6,379,51
309,15,754,48
309,0,126,53
357,48,1820,37
405,48,1562,37
486,81,3491,26
489,3,248,52
498,9,501,50
501,3,248,52
510,9,501,50
510,0,162,53
510,0,162,53
510,0,126,53
513,3,319,52
513,0,126,53
519,6,250,51
525,6,476,51
525,0,126,53
531,6,379,51
534,3,248,52
549,15,668,48
558,9,502,50
579,21,630,46
612,33,1287,42
612,0,126,53
639,27,1287,44
642,3,128,52
666,24,998,45
666,0,162,53
669,3,128,52
669,0,162,53
702,33,1129,42
726,24,1000,45
726,0,126,53
729,3,128,52
729,0,126,53
744,15,386,48
768,24,903,45
768,0,126,53
780,12,614,49
831,51,1681,36
909,78,2827,27
918,9,372,50
933,15,745,48
960,27,1251,44
1005,45,1307,38
1008,3,248,52
1062,54,2188,35
1080,18,921,47
1155,75,2960,28
1155,0,162,53
1212,57,2247,34
1215,3,248,52
1227,12,624,49
1242,15,623,48
1242,0,162,53
1251,9,501,50
1254,3,248,52
1269,15,386,48
1281,12,623,49
1323,42,1969,39
1323,0,126,53
1326,3,248,52
1350,24,1129,45
1416,66,2782,31
1422,6,476,51
1455,33,1278,42
1458,3,128,52
1479,21,876,46
1509,30,1645,43
1524,15,745,48
1530,6,370,51
1533,3,128,52
1533,0,126,53
1548,15,626,48
1575,27,1016,44
1590,15,802,48
1593,3,248,52
1593,0,126,53
1596,3,128,52
1614,18,754,47
1614,0,126,53
1617,3,319,52
1623,6,370,51
1638,15,623,48
1638,0,126,53
1644,6,379,51
1644,0,126,53
1656,12,802,49
1659,3,128,52
1659,0,126,53
1659,0,126,53
1677,18,885,47
1698,21,885,46
1698,0,126,53
1698,0,126,53
1701,3,248,52
1701,0,126,53
1737,36,1662,41
1770,33,1803,42
1773,3,248,52
1800,27,1296,44
1803,3,248,52
1830,27,887,44
1854,24,1120,45
1866,12,645,49
1866,0,126,53
1866,0,126,53
1959,93,3637,22
1971,12,645,49
1971,0,126,53
1974,3,128,52
1977,3,128,52
2001,24,885,45
2007,6,370,51
2025,18,885,47
2031,6,371,51
2085,54,1556,35
2094,9,502,50
2097,3,319,52
2097,0,126,53
2097,0,126,53
2097,0,126,53
2100,3,128,52
2103,3,128,52
2103,0,126,53
2106,3,128,52
2136,30,1025,43
2172,36,1167,41
2178,6,371,51
2232,54,1949,35
2268,36,1623,41
2292,24,1129,45
2313,21,1025,46
2316,3,319,52
2319,3,128,52
2346,27,1127,44
2349,3,128,52
2358,9,492,50
2367,9,492,50
2373,6,370,51
2436,63,2384,32
2436,0,126,53
2457,21,1130,46
2457,0,126,53
2535,78,3171,27
2541,6,370,51
2541,0,126,53
2550,9,372,50
2580,30,1305,43
2580,0,126,53
2589,9,501,50
2622,33,1466,42
2655,33,1296,42
2700,45,1427,38
2736,36,1626,41
2736,0,126,53
2742,6,371,51
2742,0,126,53
2742,0,126,53
2766,24,1129,45
2799,33,1391,42
2862,63,2109,32
2889,27,1299,44
2913,24,1129,45
2913,0,126,53
2919,6,379,51
2937,18,921,47
2991,54,2086,35
2991,0,162,53
2994,3,248,52
3021,27,1299,44
3060,39,1395,40
3063,3,248,52
3087,24,1129,45
3165,78,3732,27
3168,3,248,52
3195,27,1025,44
3198,3,248,52
3219,21,989,46
3219,0,126,53
3225,6,371,51
3246,21,867,46
3261,15,772,48
3261,0,126,53
3261,0,162,53
3276,15,947,48
3300,24,1034,45
3336,36,1271,41
3354,18,867,47
3396,42,1766,39
3396,0,162,53
3408,12,623,49
3438,30,1138,43
3453,15,947,48
3459,6,370,51
3468,9,490,50
3495,27,763,44
3507,12,632,49
3510,3,248,52
3588,78,2543,27
3594,6,379,51
3615,21,1119,46
3618,3,319,52
3657,39,1298,40
3702,45,1829,38
3744,42,1942,39
3831,87,3257,24
3834,3,248,52
3861,27,1251,44
3861,0,126,53
3906,45,953,38
3909,3,128,52
3930,21,1043,46
3945,15,386,48
3966,21,1007,46
3969,3,128,52
3972,3,128,52
4032,60,2321,33
4041,9,372,50
4101,60,2222,33
4161,60,2273,33
4164,3,128,52
4206,42,1305,39
4209,3,248,52
4266,57,2199,34
4320,54,2344,35
4395,75,2253,28
4395,0,126,53
4410,15,643,48
4464,54,2484,35
4485,21,1007,46
4488,3,248,52
4488,0,162,53
4509,21,1118,46
4512,3,249,52
4515,3,319,52
4524,9,492,50
4560,36,1305,41
4560,0,126,53
4644,84,2684,25
4707,63,2669,32
4758,51,1716,36
4764,6,379,51
4797,33,1140,42
4812,15,802,48
4884,72,2292,29
4884,0,162,53
4884,0,162,53
4884,0,126,53
4896,12,790,49
4902,6,476,51
4917,15,959,48
4944,27,1130,44
4962,18,772,47
4995,33,1260,42
5004,9,546,50
5007,3,248,52
5055,48,1488,37
5055,0,126,53
5055,0,126,53
5055,0,126,53
5100,45,1804,38
5160,60,2502,33
5166,6,379,51
5169,3,248,52
5169,0,126,53
5205,36,2352,41
5238,33,1016,42
5271,33,1466,42
5280,9,492,50
5295,15,386,48
5298,3,248,52
5337,39,1531,40
5340,3,128,52
5346,6,250,51
5355,9,501,50
5400,45,1551,38
5469,69,1450,30
5472,3,128,52
5481,9,373,50
5520,39,1803,40
5535,15,754,48
5535,0,126,53
5592,57,2556,34
5616,24,991,45
5616,0,126,53
5616,0,162,53
5640,24,1129,45
5643,3,248,52
5646,3,248,52
5661,15,503,48
5661,0,126,53
5670,9,501,50
5685,15,947,48
5691,6,371,51
5727,36,1411,41
5739,12,790,49
5766,27,896,44
5796,30,1025,43
5796,0,126,53
5820,24,1237,45
5823,3,319,52
5826,3,319,52
5862,36,1296,41
5892,30,1391,43
5895,3,128,52
5937,42,1804,39
5940,3,128,52
6000,60,1380,33
6003,3,128,52
6024,21,998,46
6048,24,878,45
6087,39,1775,40
6087,0,126,53
6102,15,763,48
6108,6,476,51
6141,33,1378,42
6144,3,128,52
6144,0,126,53
6147,3,128,52
6165,18,894,47
6180,15,826,48
6198,18,971,47
6198,0,126,53
6207,9,373,50
6210,3,257,52
6210,0,162,53
6261,51,2057,36
6282,21,765,46
6315,33,1296,42
6324,9,488,50
6369,45,1829,38
6372,3,248,52
6426,54,2240,35
6558,132,5101,9
6582,24,1442,45
6582,0,162,53
6630,48,1673,37
6672,42,1646,39
6687,15,947,48
6708,21,1119,46
6783,75,2831,28
6783,0,126,53
6783,0,126,53
6813,30,1011,43
6813,0,126,53
6813,0,126,53
6813,0,162,53
6813,0,126,53
6819,6,379,51
6819,0,162,53
6843,24,1285,45
6843,0,126,53
6882,39,1524,40
6882,0,162,53
6882,0,126,53
6882,0,162,53
6891,9,501,50
6909,18,623,47
6912,3,248,52
6933,21,869,46
6939,6,379,51
6945,6,370,51
6957,12,632,49
6963,6,379,51
6993,30,1265,43
7011,18,885,47
7044,33,1131,42
7062,18,1128,47
7101,39,1818,40
7101,0,126,53
7170,69,3539,30
7170,0,126,53
7173,3,248,52
7176,3,128,52
7179,3,128,52
7188,9,501,50
7206,18,816,47
7260,54,1840,35
7260,0,126,53
7260,0,126,53
7290,30,1140,43
7338,48,1691,37
7371,33,1549,42
7374,3,248,52
7386,12,494,49
7389,3,248,52
7521,132,3108,9
7614,93,3778,22
7617,3,248,52
7620,3,248,52
7650,30,1260,43
7686,36,1641,41
7686,0,126,53
7686,0,162,53
7689,3,248,52
7713,24,1129,45
7728,15,754,48
7758,30,901,43
7815,57,1702,34
7905,90,2261,23
7938,33,1287,42
7950,12,641,49
7953,3,248,52
8007,54,1978,35
8010,3,248,52
8019,9,633,50
8064,45,1793,38
8085,21,989,46
8085,0,162,53
8085,0,162,53
8133,48,1739,37
8136,3,128,52
8136,0,126,53
8157,21,888,46
8169,12,614,49
8175,6,379,51
8190,15,386,48
8193,3,128,52
8238,45,1786,38
8238,0,126,53
8322,84,2969,25
8355,33,1409,42
8364,9,373,50
8364,0,126,53
8364,0,126,53
8397,33,1278,42
8442,45,1585,38
8442,0,162,53
8490,48,2190,37
8493,3,257,52
8493,0,126,53
8493,0,126,53
8493,0,126,53
8496,3,248,52
8535,39,1820,40
8610,75,3611,28
8625,15,623,48
8652,27,763,44
8745,93,2364,22
8793,48,2055,37
8826,33,1262,42
8832,6,379,51
8880,48,2267,37
8907,27,1459,44
8925,18,1116,47
8946,21,876,46
8967,21,998,46
9006,39,1524,40
9039,33,1147,42
9039,0,162,53
9051,12,790,49
9051,0,162,53
9078,27,1129,44
9081,3,128,52
9090,9,372,50
9111,21,989,46
9153,42,1540,39
9162,9,492,50
9174,12,623,49
9195,21,876,46
9195,0,162,53
9195,0,126,53
9288,93,3800,22
9288,0,126,53
9291,3,248,52
9405,114,4341,15
9408,3,248,52
9414,6,370,51
9465,51,2054,36
9519,54,1567,35
9549,30,1025,43
9567,18,623,47
9615,48,1576,37
9633,18,745,47
9696,63,2870,32
9831,135,4057,8
9831,0,126,53
9855,24,1007,45
9888,33,1391,42
9897,9,488,50
9918,21,756,46
9918,0,162,53
9918,0,126,53
9942,24,1007,45
9996,54,1459,35
10002,6,250,51
10074,72,2718,29
10116,42,1409,39
10182,66,2143,31
10185,3,248,52
10197,12,802,49
10224,27,889,44
10224,0,126,53
10272,48,1924,37
10305,33,1657,42
10308,3,319,52
10308,0,126,53
10308,0,126,53
10308,0,162,53
10308,0,126,53
10326,18,858,47
10332,6,379,51
10362,30,1269,43
10425,63,2413,32
10428,3,128,52
10512,84,3003,25
10560,48,1343,37
10563,3,248,52
10569,6,379,51
10614,45,1630,38
10629,15,802,48
10662,33,1393,42
10662,0,126,53
10662,0,162,53
10704,42,1045,39
10719,15,772,48
10722,3,248,52
10803,81,1761,26
10899,96,2836,21
10902,3,257,52
10935,33,1296,42
10956,21,869,46
10998,42,1556,39
11052,54,1949,35
11055,3,248,52
11094,39,2141,40
11094,0,126,53
11121,27,1147,44
11151,30,1625,43
11196,45,1793,38
11196,0,126,53
11196,0,162,53
11253,57,2084,34
11259,6,477,51
11334,75,2037,28
11457,123,3580,12
11469,12,494,49
11517,48,1820,37
11517,0,162,53
11568,51,1849,36
11607,39,1815,40
11622,15,386,48
11622,0,162,53
11652,30,1140,43
11652,0,162,53
11703,51,1703,36
11727,24,966,45
11790,63,2484,32
11793,3,319,52
11820,27,1147,44
11835,15,386,48
11880,45,1547,38
11880,0,162,53
11880,0,162,53
11940,60,2100,33
11949,9,519,50
12000,51,1716,36
12030,30,1043,43
12075,45,1547,38
12078,3,248,52
12141,63,1951,32
12174,33,1635,42
12174,0,126,53
12204,30,1131,43
12207,3,248,52
12240,33,1531,42
12312,72,2254,29
12315,3,319,52
12315,0,162,53
12471,156,5975,1
12510,39,1273,40
12510,0,126,53
12537,27,896,44
12564,27,1269,44
12564,0,162,53
12564,0,126,53
12597,33,1522,42
12600,3,128,52
12615,15,503,48
12615,0,126,53
12615,0,126,53
12621,6,476,51
12663,42,2291,39
12681,18,745,47
12732,51,2082,36
12765,33,1167,42
12771,6,380,51
12822,51,1551,36
12855,33,1260,42
12975,120,4936,13
12987,12,494,49
12990,3,248,52
12990,0,126,53
13020,30,1244,43
13053,33,1393,42
13056,3,248,52
13113,57,1958,34
13119,6,477,51
13158,39,1298,40
13251,93,3360,22
13311,60,2075,33
13335,24,995,45
13341,6,370,51
13365,24,1129,45
13392,27,1310,44
13395,3,128,52
13404,9,492,50
13413,9,501,50
13434,21,998,46
13509,75,3063,28
13512,3,319,52
13548,36,1531,41
13557,9,501,50
13578,21,630,46
13722,144,2916,5
13752,30,1465,43
13779,27,887,44
13830,51,1754,36
13830,0,126,53
13911,81,2637,26
13947,36,1169,41
13971,24,966,45
14010,39,1549,40
14010,0,126,53
14037,27,1310,44
14064,27,1129,44
14067,3,319,52
14088,21,885,46
14154,66,2746,31
14175,21,1045,46
14175,0,162,53
14178,3,248,52
14223,45,1671,38
14223,0,126,53
14232,9,372,50
14244,12,632,49
14283,39,1438,40
14304,21,867,46
14307,3,128,52
14367,60,1834,33
14454,87,3219,24
14457,3,128,52
14478,21,630,46
14481,3,257,52
14481,0,162,53
14484,3,128,52
14484,0,162,53
14484,0,126,53
14532,48,1689,37
14562,30,1016,43
14625,63,2080,32
14628,3,128,52
14769,141,4139,6
14769,0,126,53
14841,72,3026,29
14907,66,1818,31
14910,3,248,52
14913,3,248,52
14955,42,1549,39
15012,57,2222,34
15141,129,3980,10
15144,3,248,52
15174,30,1465,43
15174,0,126,53
15225,51,1578,36
15225,0,126,53
15276,51,1824,36
15294,18,867,47
15294,0,126,53
15297,3,248,52
15372,75,2687,28
15483,111,3689,16
15555,72,2888,29
15579,24,1138,45
15621,42,1158,39
15624,3,128,52
15651,27,1130,44
15702,51,1811,36
15723,21,814,46
15723,0,126,53
15732,9,372,50
15765,33,1504,42
15810,45,1547,38
15846,36,1301,41
15912,66,2099,31
15912,0,126,53
15936,24,966,45
15984,48,1533,37
15984,0,162,53
16017,33,1260,42
16029,12,623,49
16047,18,814,47
16119,72,1777,29
16140,21,869,46
16200,60,2145,33
16251,51,2154,36
16338,87,3080,24
16431,93,4393,22
16434,3,319,52
16434,0,126,53
16452,18,971,47
16458,6,370,51
16461,3,128,52
16512,51,1421,36
16536,24,1007,45
16536,0,126,53
16539,3,248,52
16566,27,1278,44
16584,18,876,47
16584,0,126,53
16632,48,1689,37
16656,24,1138,45
16692,36,1402,41
16719,27,1253,44
16719,0,162,53
16743,24,1128,45
16743,0,126,53
16809,66,2949,31
16830,21,1007,46
16857,27,896,44
16869,12,645,49
16872,3,128,52
16941,69,2906,30
16974,33,1287,42
16977,3,319,52
17031,54,1811,35
17037,6,371,51
17085,48,1919,37
17088,3,248,52
17127,39,1646,40
17127,0,162,53
17130,3,248,52
17154,24,1306,45
17160,6,379,51
17208,48,1960,37
17208,0,126,53
17211,3,128,52
17226,15,804,48
17229,3,248,52
17244,15,641,48
17337,93,2739,22
17424,87,2559,24
17427,3,248,52
17469,42,1698,39
17472,3,319,52
17472,0,126,53
17490,18,747,47
17547,57,2363,34
17679,132,3281,9
17724,45,1398,38
17751,27,894,44
17751,0,126,53
17781,30,1260,43
17790,9,492,50
17823,33,1158,42
17826,3,128,52
17826,0,126,53
17847,21,872,46
17895,48,1560,37
17898,3,319,52
17898,0,162,53
17901,3,128,52
17976,75,1630,28
17994,18,983,47
18057,63,1576,32
18072,15,386,48
18120,48,1682,37
18192,72,2662,29
18219,27,1113,44
18219,0,126,53
18228,9,382,50
18270,42,1811,39
18324,54,1935,35
19483,1159,4733,0
19489,6,477,51
19495,6,489,51
19495,0,126,53
19498,3,248,52
19504,6,477,51
19510,6,477,51
19513,3,128,52
19513,0,126,53
19513,0,126,53
19513,0,162,53
19513,0,162,53
19513,0,126,53
19516,3,128,52
19516,0,126,53
19516,0,126,53
19525,9,491,50
19528,3,248,52
19528,0,126,53
19531,3,128,52
19534,3,248,52
19537,3,128,52
19537,0,126,53
19540,3,128,52
19612,72,1436,29
19648,36,1018,41
19678,30,1262,43
19729,51,1280,36
19744,15,959,48
19762,18,763,47
19765,3,248,52
19786,21,989,46
19825,39,1282,40
19840,15,625,48
19855,15,386,48
19975,120,2536,13
19993,18,634,47
20008,15,386,48
20062,54,2076,35
20092,30,876,43
20131,39,1271,40
20146,15,386,48
20227,81,2377,26
20254,27,763,44
20278,24,1016,45
20404,126,2693,11
20422,18,747,47
20458,36,1165,41
20500,42,1777,39
20509,9,488,50
20560,51,1924,36
20599,39,1283,40
20614,15,386,48
20683,69,3062,30
20749,66,2362,31
20761,12,645,49
20767,6,476,51
20770,3,128,52
20785,15,802,48
20785,0,126,53
20797,12,501,49
20875,78,2805,27
20899,24,1007,45
20965,66,2379,31
20995,30,1321,43
21046,51,1883,36
21049,3,128,52
21088,39,1409,40
21100,12,623,49
21100,0,162,53
21118,18,738,47
21124,6,257,51
21139,15,745,48
21139,0,126,53
21139,0,126,53
21154,15,804,48
21154,0,162,53
21163,9,501,50
21202,39,1690,40
21217,15,745,48
21241,24,765,45
21271,30,1260,43
21286,15,745,48
21286,0,126,53
21322,36,1420,41
21394,72,2556,29
21400,6,250,51
21415,15,386,48
21442,27,1299,44
21472,30,1138,43
21475,3,319,52
21478,3,319,52
21490,12,668,49
21523,33,1373,42
21571,48,2299,37
21625,54,1937,35
21628,3,248,52
21631,3,128,52
21673,42,1558,39
21673,0,126,53
21712,39,1634,40
21721,9,501,50
21748,27,885,44
21769,21,1285,46
21772,3,128,52
21811,39,1531,40
21841,30,1373,43
21841,0,126,53
21892,51,1700,36
21916,24,1129,45
21919,3,319,52
21919,0,126,53
21928,9,501,50
21928,0,162,53
21943,15,745,48
21943,0,126,53
21946,3,128,52
22003,57,2355,34
22006,3,128,52
22030,24,1297,45
22036,6,379,51
22039,3,128,52
22081,42,1793,39
22081,0,126,53
22081,0,162,53
22111,30,1364,43
22147,36,1278,41
22195,48,1947,37
22219,24,1120,45
22222,3,128,52
22222,0,126,53
22276,54,2064,35
22279,3,128,52
22297,18,1140,47
22297,0,126,53
22297,0,126,53
22297,0,126,53
22297,0,126,53
22300,3,248,52
22333,33,1576,42
22393,60,2337,33
22393,0,126,53
22396,3,128,52
22441,45,2476,38
22444,3,248,52
22447,3,128,52
22447,0,162,53
22462,15,625,48
22462,0,126,53
22552,90,3240,23
22567,15,643,48
22570,3,248,52
22573,3,248,52
22579,6,370,51
22579,0,126,53
22582,3,248,52
22603,21,763,46
22615,12,802,49
22621,6,476,51
22624,3,319,52
22627,3,128,52
22759,132,4281,9
22792,33,1156,42
22921,129,5176,10
22924,3,128,52
22957,33,1979,42
23023,66,2933,31
23023,0,126,53
23026,3,128,52
23029,3,128,52
23038,9,381,50
23038,0,126,53
23071,33,1402,42
23089,18,961,47
23098,9,488,50
23101,3,248,52
23155,54,1700,35
23158,3,319,52
23203,45,1766,38
23263,60,2642,33
23278,15,635,48
23278,0,126,53
23299,21,1007,46
23299,0,126,53
23302,3,248,52
23323,21,885,46
23398,75,1971,28
23401,3,128,52
23440,39,1680,40
23476,36,1280,41
23512,36,1522,41
23518,6,371,51
23536,18,971,47
23536,0,126,53
23551,15,645,48
23593,42,1549,39
23626,33,1156,42
23626,0,126,53
23689,63,2219,32
23752,63,2660,32
