cum_score,score,time,bricks
3,3,128,52
9,6,250,51
9,0,162,53
9,0,126,53
18,9,501,50
36,18,971,47
48,12,494,49
69,21,912,46
69,0,126,53
72,3,319,52
75,3,248,52
90,15,747,48
108,18,959,47
159,51,2380,36
204,45,1811,38
228,24,1120,45
270,42,2310,39
300,30,1158,43
327,27,1011,44
363,36,1264,41
381,18,756,47
408,27,1138,44
540,132,3339,9
612,72,1757,29
729,117,4016,14
786,57,1716,34
891,105,3658,18
963,72,2764,29
1065,102,5131,19
1191,126,4342,11
1224,33,1625,42
1314,90,3111,23
1317,3,248,52
1371,54,1693,35
2530,1159,10855,0
2536,6,371,51
2536,0,126,53
2542,6,371,51
2545,3,248,52
2548,3,128,52
2551,3,248,52
2551,0,126,53
2551,0,162,53
2554,3,248,52
2560,6,371,51
2566,6,371,51
2569,3,248,52
2572,3,248,52
2575,3,319,52
2593,18,748,47
2596,3,248,52
2599,3,319,52
2602,3,128,52
2602,0,126,53
2605,3,128,52
2605,0,162,53
2620,15,617,48
2623,3,128,52
2623,0,126,53
2626,3,248,52
2632,6,371,51
2632,0,126,53
2635,3,248,52
2635,0,162,53
2638,3,319,52
2641,3,248,52
2644,3,128,52
2644,0,126,53
2647,3,248,52
2659,12,624,49
2662,3,248,52
2668,6,370,51
2671,3,248,52
2674,3,248,52
2674,0,126,53
2674,0,126,53
2674,0,126,53
2674,0,126,53
2689,15,626,48
2689,0,162,53
2692,3,319,52
2692,0,126,53
2692,0,126,53
2695,3,128,52
2695,0,126,53
2698,3,248,52
2698,0,126,53
2839,141,6550,6
2965,126,4235,11
3121,156,6507,1
4280,1159,6873,0
4280,0,126,53
4286,6,379,51
4286,0,126,53
4289,3,128,52
4292,3,248,52
4298,6,370,51
4301,3,128,52
4334,33,1156,42
4334,0,126,53
4385,51,1811,36
4403,18,858,47
4451,48,1701,37
4484,33,1279,42
4517,33,1278,42
4589,72,2642,29
4661,72,3020,29
4691,30,1152,43
4694,3,248,52
4733,39,1262,40
4781,48,2358,37
4799,18,858,47
4811,12,614,49
4841,30,914,43
4919,78,3654,27
4934,15,623,48
4970,36,914,41
4970,0,126,53
4970,0,126,53
4994,24,876,45
5021,27,1255,44
5045,24,1287,45
5045,0,126,53
5051,6,476,51
5135,84,2969,25
5141,6,379,51
5159,18,745,47
5165,6,488,51
5168,3,128,52
5171,3,248,52
5201,30,1005,43
5201,0,126,53
5300,99,3852,20
5306,6,250,51
5306,0,126,53
5327,21,630,46
5333,6,379,51
5345,12,614,49
5345,0,126,53
5378,33,1129,42
5468,90,4195,23
5468,0,126,53
5468,0,126,53
5468,0,126,53
5489,21,634,46
5540,51,1587,36
5549,9,501,50
5549,0,126,53
5561,12,790,49
5582,21,989,46
5606,24,1128,45
5615,9,501,50
5759,144,3763,5
5789,30,1025,43
5795,6,379,51
5804,9,492,50
5846,42,1321,39
5903,57,2335,34
5912,9,488,50
5921,9,501,50
5924,3,321,52
5924,0,126,53
5960,36,1391,41
5999,39,1393,40
6002,3,248,52
6062,60,2000,33
6164,102,3022,19
6164,0,126,53
6194,30,1025,43
6224,30,1138,43
6224,0,126,53
6242,18,876,47
6278,36,1648,41
6278,0,126,53
6365,87,3357,24
6404,39,1533,40
6413,9,501,50
6413,0,162,53
6458,45,2033,38
6458,0,126,53
6488,30,1260,43
6509,21,998,46
6563,54,2215,35
6563,0,126,53
6563,0,126,53
6626,63,2075,32
6626,0,162,53
6626,0,162,53
6626,0,162,53
6671,45,2076,38
6695,24,1287,45
6695,0,126,53
6695,0,126,53
6695,0,162,53
6695,0,162,53
6704,9,633,50
6713,9,372,50
6713,0,126,53
6746,33,1181,42
6764,18,625,47
6821,57,2326,34
6821,0,162,53
6821,0,126,53
6863,42,1662,39
6878,15,386,48
6956,78,2730,27
6956,0,126,53
7019,63,2265,32
7019,0,126,53
7022,3,319,52
7082,60,2502,33
7112,30,1138,43
7121,9,490,50
7121,0,162,53
7124,3,248,52
7160,36,1278,41
7160,0,126,53
7175,15,745,48
7247,72,2757,29
7286,39,1644,40
7343,57,1960,34
7343,0,126,53
7352,9,372,50
7373,21,961,46
7379,6,379,51
7406,27,1129,44
7409,3,248,52
7490,81,2943,26
7508,18,756,47
7532,24,1129,45
7583,51,1524,36
7646,63,1509,32
7649,3,250,52
7694,45,1558,38
7727,33,1251,42
7730,3,319,52
7736,6,379,51
7751,15,802,48
7751,0,126,53
7751,0,126,53
7787,36,1287,41
7790,3,248,52
7796,6,379,51
7814,18,867,47
7817,3,248,52
7817,0,162,53
7820,3,319,52
7820,0,126,53
7823,3,257,52
7889,66,1951,31
7922,33,1147,42
7922,0,126,53
7949,27,1007,44
7982,33,1020,42
8051,69,2066,30
8060,9,501,50
8096,36,1287,41
8096,0,162,53
8105,9,519,50
8120,15,386,48
8213,93,3660,22
8216,3,128,52
8216,0,162,53
8222,6,379,51
8279,57,2987,34
8315,36,1402,41
8354,39,1594,40
8438,84,3392,25
8438,0,126,53
8444,6,370,51
8444,0,126,53
8459,15,386,48
8486,27,883,44
8495,9,490,50
8495,0,126,53
8540,45,1551,38
8540,0,126,53
8543,3,128,52
8552,9,519,50
8612,60,2457,33
8639,27,1138,44
8642,3,248,52
8678,36,1513,41
8678,0,126,53
8681,3,128,52
8684,3,248,52
8690,6,379,51
8720,30,1149,43
8816,96,2887,21
8816,0,162,53
8816,0,162,53
8894,78,2161,27
8921,27,1009,44
9002,81,2807,26
9011,9,492,50
9038,27,964,44
9041,3,248,52
9116,75,2938,28
9119,3,128,52
9188,69,2678,30
9221,33,1260,42
9239,18,973,47
9242,3,248,52
9248,6,370,51
9290,42,1305,39
9293,3,248,52
9305,12,501,49
9320,15,634,48
9341,21,1128,46
9419,78,2072,27
9422,3,248,52
9440,18,876,47
9443,3,319,52
9473,30,1400,43
9479,6,476,51
9509,30,1382,43
9548,39,1671,40
9548,0,126,53
9548,0,126,53
9548,0,126,53
9551,3,249,52
9557,6,476,51
9560,3,257,52
9584,24,885,45
9587,3,248,52
9623,36,1283,41
9752,129,4694,10
9761,9,492,50
9761,0,126,53
9794,33,1391,42
9797,3,128,52
9833,36,1280,41
9839,6,379,51
9848,9,379,50
9863,15,802,48
9890,27,1007,44
9932,42,1653,39
9935,3,128,52
9974,39,1296,40
9974,0,126,53
9992,18,867,47
10028,36,1296,41
10031,3,128,52
10064,33,1140,42
10100,36,1644,41
10100,0,126,53
10100,0,126,53
10103,3,248,52
10127,24,983,45
10127,0,126,53
10166,39,1540,40
10190,24,885,45
10190,0,126,53
10217,27,1298,44
10265,48,2140,37
10340,75,2389,28
10349,9,501,50
10445,96,2806,21
10454,9,501,50
10550,96,2995,21
10631,81,3473,26
10694,63,2967,32
10700,6,379,51
10739,39,1395,40
10742,3,248,52
10781,39,1289,40
10796,15,959,48
10796,0,126,53
10814,18,763,47
10838,24,1129,45
10889,51,2109,36
10892,3,248,52
10958,66,2560,31
11036,78,3269,27
11093,57,2123,34
11147,54,1690,35
11180,33,1402,42
11180,0,162,53
11180,0,126,53
11186,6,370,51
11219,33,887,42
11219,0,126,53
11219,0,126,53
11240,21,625,46
11267,27,1139,44
11378,111,2758,16
11408,30,1016,43
11438,30,1479,43
11453,15,386,48
11525,72,2545,29
11567,42,1793,39
11585,18,747,47
11615,30,1251,43
11648,33,1269,42
11657,9,372,50
11717,60,2335,33
11717,0,126,53
11777,60,2637,33
11780,3,248,52
11846,66,2247,31
11846,0,126,53
11879,33,1140,42
11909,30,1364,43
11909,0,162,53
11951,42,1524,39
12011,60,2588,33
12038,27,1140,44
12050,12,668,49
12074,24,1120,45
12209,135,5609,8
12266,57,2564,34
12320,54,1761,35
12320,0,126,53
12404,84,3163,25
12452,48,2327,37
12464,12,632,49
12464,0,162,53
12473,9,501,50
12563,90,4015,23
12599,36,1147,41
12611,12,623,49
12638,27,1300,44
12638,0,162,53
12638,0,126,53
12653,15,804,48
12653,0,126,53
12677,24,878,45
12779,102,4047,19
12785,6,370,51
12884,99,3667,20
12932,48,1696,37
12962,30,1269,43
12974,12,802,49
13016,42,1303,39
13049,33,1152,42
13109,60,2493,33
13130,21,998,46
13193,63,2118,32
13217,24,991,45
13226,9,501,50
13307,81,2601,26
13307,0,126,53
13340,33,1480,42
13394,54,1705,35
13430,36,1522,41
13454,24,1285,45
13481,27,1113,44
13541,60,2477,33
13547,6,379,51
13547,0,126,53
13643,96,3810,21
13643,0,126,53
13658,15,641,48
13694,36,1418,41
13703,9,501,50
13757,54,1474,35
13820,63,2714,32
13844,24,1139,45
13847,3,248,52
13862,15,745,48
13862,0,126,53
13901,39,1298,40
13901,0,126,53
13928,27,1120,44
13937,9,510,50
13979,42,1662,39
13991,12,501,49
13991,0,126,53
13991,0,126,53
13991,0,126,53
14030,39,1716,40
14048,18,745,47
14051,3,248,52
14072,21,627,46
14072,0,126,53
14072,0,126,53
14072,0,162,53
14120,48,1800,37
14138,18,623,47
14171,33,1262,42
14234,63,2502,32
14261,27,1120,44
14279,18,959,47
14282,3,128,52
14384,102,2599,19
14396,12,632,49
14423,27,1242,44
14429,6,370,51
14498,69,2240,30
14501,3,319,52
14528,27,1314,44
14528,0,126,53
14606,78,2502,27
14612,6,379,51
14636,24,878,45
14642,6,250,51
14642,0,126,53
14720,78,2913,27
14762,42,1427,39
14768,6,489,51
14768,0,126,53
14768,0,126,53
14789,21,804,46
14792,3,248,52
14831,39,1307,40
14831,0,126,53
14834,3,128,52
14843,9,501,50
14846,3,248,52
14849,3,128,52
14849,0,126,53
14876,27,1011,44
14909,33,1260,42
14930,21,961,46
14930,0,126,53
14930,0,126,53
15014,84,3283,25
15080,66,2382,31
15113,33,1262,42
15182,69,2651,30
15257,75,2511,28
15356,99,3801,20
15359,3,128,52
15398,39,2065,40
15404,6,370,51
15407,3,128,52
15479,72,3432,29
15506,27,1122,44
15599,93,3243,22
15623,24,878,45
15677,54,2529,35
15707,30,1129,43
15743,36,1269,41
15824,81,2825,26
15824,0,126,53
15824,0,126,53
15827,3,319,52
15842,15,754,48
15899,57,2250,34
15905,6,250,51
15905,0,126,53
15920,15,626,48
15959,39,1377,40
15977,18,876,47
15977,0,162,53
16004,27,1034,44
16004,0,162,53
16004,0,162,53
16004,0,126,53
16004,0,126,53
16148,144,5003,5
16148,0,126,53
16148,0,126,53
16235,87,3527,24
16298,63,2353,32
16358,60,1380,33
16373,15,386,48
16415,42,1447,39
16415,0,126,53
16421,6,370,51
16448,27,896,44
16484,36,1174,41
16535,51,1935,36
16535,0,126,53
16538,3,248,52
16541,3,128,52
16607,66,2477,31
16625,18,876,47
16634,9,633,50
16661,27,1008,44
16691,30,1251,43
16691,0,162,53
16691,0,126,53
16700,9,372,50
16766,66,2353,31
16871,105,4137,18
16877,6,370,51
16877,0,126,53
16910,33,1634,42
16940,30,1262,43
16949,9,501,50
17000,51,2055,36
17009,9,488,50
17009,0,126,53
17078,69,2678,30
17171,93,3431,22
17249,78,3184,27
17252,3,128,52
17252,0,126,53
17255,3,319,52
17309,54,2152,35
17324,15,754,48
17351,27,887,44
17381,30,1140,43
17414,33,1382,42
17429,15,772,48
17459,30,1009,43
17459,0,126,53
17459,0,162,53
17459,0,126,53
17513,54,1847,35
17513,0,126,53
17516,3,248,52
17573,57,2285,34
17579,6,476,51
17582,3,128,52
17582,0,126,53
17585,3,128,52
17618,33,1011,42
17627,9,492,50
17648,21,887,46
17714,66,2527,31
17729,15,754,48
17729,0,126,53
17738,9,645,50
17741,3,248,52
17786,45,2037,38
17843,57,2326,34
17843,0,126,53
17843,0,126,53
17885,42,1402,39
17915,30,1296,43
17915,0,126,53
17921,6,379,51
17924,3,128,52
17924,0,126,53
17945,21,989,46
17960,15,623,48
17996,36,1504,41
18005,9,645,50
18005,0,126,53
18005,0,162,53
18074,69,2967,30
18080,6,370,51
18170,90,2430,23
18194,24,998,45
18221,27,1011,44
18272,51,1820,36
18281,9,501,50
18293,12,614,49
18371,78,2456,27
18395,24,878,45
18422,27,1296,44
18467,45,1960,38
18518,51,2073,36
18602,84,2075,25
18635,33,1160,42
18683,48,2057,37
18776,93,1850,22
18842,66,3474,31
18911,69,2480,30
18947,36,1791,41
19088,141,4689,6
19106,18,745,47
19136,30,1016,43
19154,18,745,47
19154,0,162,53
19160,6,370,51
19199,39,1644,40
19202,3,128,52
19250,48,1689,37
19280,30,1147,43
19298,18,747,47
19373,75,2635,28
19376,3,248,52
19421,45,1547,38
19469,48,1354,37
19484,15,386,48
19535,51,1705,36
19535,0,126,53
19586,51,1707,36
19610,24,878,45
19619,9,501,50
19634,15,386,48
19658,24,1147,45
19679,21,1130,46
19694,15,792,48
19694,0,162,53
19697,3,248,52
19700,3,248,52
19706,6,250,51
19706,0,126,53
19760,54,1725,35
19868,108,3843,17
19886,18,747,47
19934,48,2055,37
19991,57,2287,34
20000,9,633,50
20006,6,370,51
20006,0,126,53
20093,87,3288,24
20096,3,128,52
20105,9,633,50
20123,18,508,47
20123,0,162,53
20126,3,128,52
20129,3,248,52
20132,3,128,52
20207,75,2379,28
20210,3,248,52
20273,63,2615,32
20327,54,1458,35
20351,24,896,45
20429,78,2041,27
20444,15,386,48
20486,42,1545,39
20489,3,248,52
20504,15,814,48
20585,81,2640,26
20585,0,162,53
20621,36,1278,41
20672,51,1951,36
20672,0,126,53
20765,93,3369,22
20795,30,1025,43
20822,27,885,44
20825,3,248,52
20834,9,492,50
20834,0,162,53
20834,0,126,53
20906,72,1486,29
20930,24,971,45
20981,51,1811,36
21044,63,2425,32
21065,21,894,46
21074,9,372,50
21101,27,896,44
21173,72,1996,29
21206,33,1036,42
21221,15,763,48
21224,3,128,52
21227,3,319,52
21227,0,126,53
21257,30,1253,43
21260,3,248,52
21293,33,1011,42
21338,45,1662,38
21341,3,128,52
21347,6,379,51
21347,0,162,53
21419,72,2486,29
21446,27,885,44
21572,126,3283,11
21617,45,1441,38
21650,33,1147,42
21719,69,2265,30
21728,9,488,50
21851,123,4304,12
21854,3,257,52
21854,0,126,53
21860,6,370,51
21896,36,1698,41
21938,42,1826,39
21953,15,623,48
22040,87,3093,24
22079,39,1775,40
22127,48,1540,37
22130,3,128,52
22130,0,126,53
22151,21,998,46
22205,54,1416,35
22241,36,1522,41
22241,0,126,53
22373,132,4938,9
22442,69,2279,30
22463,21,869,46
22472,9,493,50
22472,0,126,53
22472,0,126,53
22544,72,2527,29
22613,69,2145,30
22649,36,1531,41
22676,27,994,44
22763,87,3226,24
22847,84,3084,25
22877,30,1269,43
22925,48,1924,37
22925,0,126,53
23048,123,3868,12
23069,21,869,46
23096,27,1251,44
23147,51,1549,36
23171,24,1011,45
23210,39,1549,40
23210,0,126,53
23237,27,885,44
23237,0,126,53
23246,9,488,50
23276,30,1016,43
23348,72,2669,29
23417,69,1972,30
23426,9,372,50
23429,3,128,52
23447,18,867,47
23450,3,319,52
23483,33,1495,42
23498,15,386,48
23534,36,1025,41
23534,0,126,53
23534,0,162,53
23555,21,998,46
23588,33,1576,42
23606,18,858,47
23615,9,501,50
24774,1159,5571,0
24774,0,126,53
24774,0,162,53
24777,3,248,52
24777,0,162,53
24777,0,126,53
24780,3,248,52
24780,0,126,53
24792,12,494,49
24792,0,126,53
24795,3,248,52
24798,3,248,52
24801,3,319,52
24804,3,248,52
24807,3,248,52
24813,6,476,51
24828,15,745,48
24831,3,248,52
24840,9,372,50
24840,0,126,53
24840,0,126,53
24843,3,248,52
24843,0,126,53
24846,3,248,52
24846,0,126,53
24852,6,370,51
24867,15,386,48
24873,6,476,51
24888,15,386,48
24891,3,248,52
24891,0,126,53
24900,9,492,50
24906,6,250,51
24909,3,319,52
24918,9,501,50
24918,0,126,53
24930,12,632,49
24945,15,386,48
24945,0,126,53
24945,0,126,53
24948,3,248,52
24969,21,1079,46
24975,6,476,51
24975,0,162,53
24975,0,126,53
24993,18,745,47
25023,30,1147,43
25095,72,2886,29
25137,42,1549,39
25140,3,248,52
25170,30,1260,43
25170,0,126,53
25191,21,989,46
25191,0,126,53
25233,42,1660,39
25260,27,1138,44
25275,15,386,48
25314,39,1041,40
25341,27,887,44
25380,39,1405,40
25407,27,1016,44
25431,24,983,45
25431,0,126,53
25464,33,1036,42
25494,30,1129,43
25518,24,1128,45
25521,3,248,52
25545,24,1111,45
25614,69,2515,30
25680,66,1876,31
25680,0,126,53
25689,9,501,50
25758,69,2392,30
25779,21,998,46
25836,57,1745,34
25911,75,2118,28
25923,12,790,49
25926,3,128,52
25995,69,2755,30
27154,1159,4387,0
27157,3,248,52
27157,0,126,53
27160,3,248,52
27160,0,126,53
27175,15,626,48
27175,0,162,53
27181,6,370,51
27181,0,162,53
27184,3,319,52
27184,0,126,53
27184,0,126,53
27184,0,162,53
27187,3,319,52
27190,3,128,52
27193,3,248,52
27199,6,371,51
27202,3,248,52
27202,0,162,53
27205,3,248,52
27205,0,162,53
27205,0,162,53
27205,0,162,53
27205,0,162,53
27205,0,162,53
27205,0,162,53
27211,6,371,51
27214,3,248,52
27217,3,128,52
27229,12,495,49
27229,0,126,53
27232,3,248,52
27232,0,162,53
27232,0,126,53
27232,0,126,53
27238,6,371,51
27244,6,371,51
27247,3,248,52
27250,3,128,52
27253,3,248,52
27259,6,371,51
27259,0,126,53
27292,33,1262,42
27355,63,2913,32
27403,48,1425,37
27505,102,3428,19
27589,84,3249,25
27613,24,1007,45
27667,54,1831,35
27667,0,126,53
27727,60,1639,33
27730,3,128,52
27847,117,4226,14
27880,33,1260,42
27880,0,126,53
27886,6,379,51
27886,0,162,53
27913,27,1129,44
27913,0,126,53
27916,3,128,52
27916,0,126,53
27943,27,885,44
27985,42,1951,39
28033,48,1675,37
28048,15,959,48
28048,0,126,53
28120,72,2773,29
28138,18,858,47
28150,12,623,49
28213,63,2382,32
28234,21,878,46
28240,6,477,51
28246,6,379,51
28252,6,370,51
28342,90,2935,23
28378,36,1301,41
28399,21,1273,46
28399,0,126,53
28408,9,501,50
28435,27,779,44
28435,0,162,53
28435,0,126,53
28507,72,3008,29
28507,0,126,53
28600,93,2777,22
28606,6,370,51
28669,63,2120,32
28672,3,248,52
28714,42,1766,39
28717,3,248,52
28729,12,614,49
28744,15,386,48
28756,12,802,49
28843,87,2830,24
28912,69,2258,30
28918,6,370,51
28936,18,982,47
28936,0,126,53
28957,21,867,46
28957,0,126,53
28966,9,501,50
28966,0,126,53
29002,36,1504,41
29122,120,4504,13
29140,18,959,47
29140,0,126,53
29140,0,126,53
29143,3,128,52
29209,66,2353,31
29209,0,162,53
29251,42,1538,39
29251,0,126,53
29260,9,519,50
29263,3,248,52
29305,42,1784,39
29314,9,488,50
29353,39,910,40
