cum_score,score,time,bricks
6,6,488,51
6,0,126,53
6,0,126,53
6,0,126,53
6,0,126,53
6,0,126,53
6,0,126,53
6,0,162,53
6,0,162,53
6,0,126,53
6,0,126,53
9,3,248,52
12,3,128,52
12,0,126,53
33,21,752,46
36,3,128,52
39,3,248,52
42,3,128,52
42,0,162,53
45,3,248,52
45,0,126,53
45,0,126,53
45,0,162,53
54,9,501,50
54,0,162,53
63,9,381,50
63,0,162,53
63,0,162,53
63,0,162,53
63,0,162,53
69,6,379,51
81,12,802,49
90,9,372,50
102,12,503,49
108,6,370,51
120,12,503,49
120,0,126,53
129,9,373,50
138,9,502,50
147,9,373,50
150,3,323,52
156,6,370,51
162,6,379,51
171,9,373,50
180,9,373,50
180,0,126,53
180,0,126,53
183,3,128,52
186,3,257,52
204,18,772,47
204,0,162,53
207,3,257,52
210,3,128,52
216,6,370,51
219,3,257,52
234,15,616,48
249,15,625,48
258,9,493,50
261,3,319,52
270,9,372,50
270,0,126,53
273,3,128,52
273,0,126,53
273,0,162,53
288,15,754,48
288,0,126,53
288,0,162,53
297,9,493,50
303,6,379,51
306,3,128,52
309,3,128,52
309,0,126,53
318,9,493,50
327,9,493,50
339,12,501,49
345,6,370,51
348,3,248,52
348,0,162,53
348,0,162,53
357,9,373,50
360,3,257,52
363,3,128,52
366,3,128,52
372,6,379,51
375,3,257,52
390,15,971,48
393,3,257,52
396,3,248,52
405,9,493,50
414,9,374,50
417,3,248,52
417,0,126,53
429,12,624,49
432,3,248,52
435,3,249,52
450,15,521,48
459,9,373,50
471,12,494,49
474,3,257,52
495,21,1320,46
495,0,126,53
504,9,373,50
510,6,379,51
516,6,489,51
519,3,128,52
519,0,126,53
519,0,126,53
519,0,126,53
522,3,128,52
522,0,126,53
531,9,373,50
540,9,510,50
540,0,162,53
543,3,128,52
564,21,1008,46
570,6,379,51
576,6,488,51
576,0,162,53
579,3,248,52
582,3,248,52
582,0,162,53
591,9,373,50
597,6,379,51
597,0,126,53
597,0,162,53
597,0,126,53
603,6,379,51
603,0,162,53
603,0,126,53
606,3,128,52
606,0,162,53
609,3,128,52
618,9,493,50
618,0,162,53
618,0,162,53
627,9,373,50
630,3,128,52
639,9,373,50
639,0,126,53
639,0,126,53
642,3,128,52
645,3,257,52
648,3,128,52
648,0,162,53
651,3,128,52
660,9,510,50
660,0,162,53
660,0,126,53
681,21,894,46
681,0,126,53
690,9,510,50
690,0,162,53
696,6,379,51
696,0,126,53
696,0,126,53
696,0,126,53
699,3,128,52
702,3,128,52
702,0,126,53
711,9,373,50
744,33,1621,42
744,0,126,53
750,6,379,51
753,3,128,52
753,0,126,53
756,3,257,52
759,3,128,52
762,3,128,52
762,0,162,53
765,3,128,52
768,3,128,52
768,0,126,53
771,3,128,52
783,12,641,49
786,3,257,52
795,9,373,50
798,3,128,52
801,3,128,52
810,9,373,50
813,3,128,52
813,0,126,53
813,0,126,53
813,0,126,53
816,3,331,52
819,3,128,52
819,0,126,53
828,9,373,50
828,0,126,53
834,6,379,51
834,0,126,53
843,9,493,50
846,3,257,52
846,0,126,53
852,6,488,51
858,6,373,51
867,9,645,50
867,0,126,53
876,9,372,50
894,18,630,47
903,9,373,50
921,18,868,47
924,3,248,52
942,18,619,47
951,9,492,50
960,9,399,50
966,6,370,51
978,12,623,49
987,9,372,50
1005,18,627,47
1005,0,126,53
1005,0,126,53
1008,3,248,52
1008,0,126,53
1023,15,747,48
1032,9,374,50
1041,9,493,50
1050,9,399,50
1059,9,503,50
1071,12,379,49
1071,0,162,53
1080,9,372,50
1083,3,257,52
1101,18,632,47
1119,18,626,47
1131,12,802,49
1140,9,372,50
1152,12,494,49
1152,0,126,53
1152,0,126,53
1158,6,370,51
1158,0,162,53
1167,9,493,50
1170,3,248,52
1188,18,627,47
1191,3,257,52
1194,3,248,52
1200,6,379,51
1212,12,802,49
1221,9,503,50
1230,9,399,50
1236,6,370,51
1248,12,790,49
1248,0,126,53
1251,3,249,52
1260,9,399,50
1284,24,1001,45
1293,9,399,50
1302,9,381,50
1305,3,248,52
1320,15,623,48
1332,12,501,49
1341,9,502,50
1341,0,126,53
1350,9,381,50
1350,0,126,53
1353,3,257,52
1362,9,493,50
1371,9,372,50
1374,3,257,52
1383,9,496,50
1389,6,370,51
1389,0,126,53
1398,9,493,50
1401,3,257,52
1428,27,1482,44
1428,0,126,53
1434,6,488,51
1434,0,162,53
1440,6,379,51
1440,0,126,53
1440,0,126,53
1443,3,257,52
1443,0,126,53
1452,9,373,50
1458,6,379,51
1473,15,971,48
1482,9,372,50
1482,0,126,53
1494,12,495,49
1497,3,257,52
1503,6,370,51
1509,6,370,51
1509,0,162,53
1515,6,370,51
1518,3,257,52
1518,0,126,53
1518,0,162,53
1521,3,128,52
1521,0,162,53
1521,0,162,53
1521,0,126,53
1521,0,126,53
1527,6,488,51
1527,0,126,53
1536,9,373,50
1536,0,126,53
1539,3,128,52
1539,0,126,53
1539,0,162,53
1542,3,128,52
1542,0,126,53
1542,0,126,53
1551,9,493,50
1557,6,476,51
1557,0,126,53
1566,9,493,50
1569,3,257,52
1581,12,507,49
1584,3,257,52
1584,0,126,53
1587,3,257,52
1590,3,128,52
1593,3,257,52
1596,3,257,52
1605,9,493,50
1605,0,126,53
1611,6,476,51
1611,0,126,53
1617,6,370,51
1626,9,493,50
1626,0,126,53
1626,0,126,53
1662,36,1636,41
1665,3,128,52
1665,0,126,53
1674,9,373,50
1674,0,126,53
1677,3,128,52
1677,0,126,53
1680,3,128,52
1686,6,370,51
1695,9,373,50
1695,0,126,53
1695,0,126,53
1695,0,126,53
1704,9,510,50
1707,3,331,52
1707,0,126,53
1716,9,373,50
1725,9,493,50
1725,0,126,53
1734,9,373,50
1737,3,128,52
1737,0,126,53
1740,3,128,52
1740,0,126,53
1743,3,257,52
1800,57,2536,34
1806,6,379,51
1809,3,128,52
1809,0,126,53
1812,3,331,52
1818,6,379,51
1824,6,379,51
1833,9,493,50
1842,9,373,50
1848,6,370,51
1848,0,126,53
1851,3,257,52
1851,0,126,53
1851,0,162,53
1860,9,373,50
1860,0,126,53
1860,0,126,53
1863,3,128,52
1872,9,373,50
1881,9,373,50
1890,9,373,50
1899,9,373,50
1902,3,128,52
1911,9,510,50
1914,3,257,52
1917,3,128,52
1917,0,126,53
1917,0,126,53
1926,9,373,50
1926,0,126,53
1929,3,128,52
1932,3,128,52
1932,0,126,53
1947,15,790,48
1947,0,126,53
1953,6,379,51
1953,0,126,53
1968,15,799,48
1968,0,126,53
1971,3,257,52
1971,0,126,53
1971,0,126,53
2004,33,1796,42
2007,3,331,52
2007,0,126,53
2010,3,128,52
2010,0,126,53
2013,3,128,52
2013,0,162,53
2016,3,128,52
2019,3,331,52
2028,9,493,50
2097,69,2538,30
2100,3,128,52
2100,0,162,53
2100,0,126,53
2103,3,128,52
2112,9,510,50
2112,0,126,53
2121,9,493,50
2130,9,373,50
2145,15,799,48
2148,3,331,52
2151,3,257,52
2151,0,162,53
2172,21,1715,46
2172,0,126,53
2178,6,379,51
2181,3,331,52
2181,0,126,53
2184,3,257,52
2193,9,501,50
2196,3,331,52
2202,6,379,51
2205,3,257,52
2205,0,162,53
2214,9,493,50
2214,0,126,53
2214,0,126,53
2217,3,128,52
2223,6,379,51
2226,3,128,52
2235,9,510,50
2235,0,126,53
2235,0,126,53
2238,3,128,52
2244,6,370,51
2244,0,126,53
2247,3,331,52
2250,3,128,52
2259,9,373,50
2262,3,128,52
2271,9,373,50
2274,3,257,52
2283,9,493,50
2292,9,493,50
2292,0,162,53
2292,0,126,53
2295,3,257,52
2310,15,971,48
2316,6,476,51
2319,3,248,52
2319,0,162,53
2322,3,128,52
2328,6,476,51
2331,3,257,52
2331,0,162,53
2352,21,1044,46
2358,6,488,51
2364,6,488,51
2373,9,373,50
2394,21,775,46
2394,0,126,53
2403,9,493,50
2403,0,126,53
2412,9,493,50
2415,3,248,52
2418,3,319,52
2421,3,251,52
2430,9,372,50
2451,21,774,46
2451,0,126,53
2460,9,493,50
2463,3,257,52
2481,18,632,47
2502,21,632,46
2511,9,372,50
2520,9,493,50
2538,18,645,47
2538,0,126,53
2547,9,373,50
2550,3,128,52
2553,3,257,52
2556,3,257,52
2556,0,126,53
2580,24,783,45
2589,9,493,50
2598,9,493,50
2607,9,373,50
2619,12,494,49
2622,3,319,52
2634,12,494,49
2643,9,372,50
2652,9,373,50
2652,0,162,53
2664,12,802,49
2682,18,886,47
2685,3,257,52
2691,6,370,51
2697,6,374,51
2703,6,370,51
2703,0,162,53
2712,9,373,50
2721,9,493,50
2730,9,373,50
2730,0,126,53
2736,6,488,51
2736,0,126,53
2736,0,126,53
2751,15,755,48
2751,0,126,53
2751,0,126,53
2751,0,126,53
2757,6,379,51
2760,3,257,52
2769,9,372,50
2772,3,257,52
2793,21,757,46
2793,0,126,53
2793,0,126,53
2802,9,493,50
2820,18,1140,47
2829,9,373,50
2835,6,379,51
2844,9,373,50
2844,0,126,53
2850,6,370,51
2853,3,128,52
2856,3,128,52
2865,9,373,50
2871,6,379,51
2874,3,128,52
2877,3,257,52
2877,0,126,53
2877,0,162,53
2880,3,257,52
2883,3,257,52
2886,3,128,52
2889,3,128,52
2895,6,370,51
2904,9,373,50
2904,0,126,53
2904,0,126,53
2907,3,331,52
2910,3,128,52
2913,3,128,52
2919,6,379,51
2919,0,126,53
2922,3,331,52
2922,0,126,53
2928,6,488,51
2937,9,373,50
2940,3,257,52
2940,0,162,53
2940,0,162,53
2946,6,379,51
2946,0,126,53
2946,0,162,53
2949,3,128,52
2955,6,370,51
2958,3,257,52
2967,9,373,50
2976,9,373,50
2982,6,489,51
2988,6,379,51
2991,3,128,52
3000,9,493,50
3000,0,126,53
3003,3,331,52
3009,6,370,51
3018,9,493,50
3024,6,370,51
3066,42,2506,39
3066,0,126,53
3066,0,126,53
3066,0,126,53
3066,0,162,53
3072,6,370,51
3072,0,126,53
3081,9,373,50
3084,3,257,52
3093,9,493,50
3093,0,162,53
3099,6,370,51
3099,0,126,53
3102,3,128,52
3108,6,370,51
3111,3,257,52
3111,0,126,53
3120,9,493,50
3120,0,162,53
3129,9,493,50
3135,6,370,51
3141,6,379,51
3141,0,126,53
3147,6,370,51
3153,6,379,51
3156,3,257,52
3159,3,128,52
3165,6,370,51
3165,0,162,53
3168,3,257,52
3171,3,128,52
3171,0,126,53
3180,9,493,50
3207,27,1482,44
3207,0,126,53
3207,0,126,53
3216,9,373,50
3216,0,126,53
3219,3,257,52
3222,3,128,52
3222,0,126,53
3228,6,488,51
3228,0,126,53
3228,0,126,53
3231,3,128,52
3234,3,128,52
3243,9,493,50
3249,6,379,51
3249,0,126,53
3258,9,493,50
3258,0,162,53
3258,0,126,53
3267,9,373,50
3273,6,379,51
3279,6,370,51
3285,6,370,51
3285,0,162,53
3288,3,257,52
3288,0,126,53
3288,0,126,53
3294,6,379,51
3300,6,488,51
3339,39,2203,40
3345,6,379,51
3348,3,257,52
3372,24,783,45
3375,3,257,52
3381,6,476,51
3384,3,257,52
3393,9,373,50
3393,0,126,53
3405,12,494,49
3408,3,257,52
3423,15,755,48
3423,0,162,53
3432,9,495,50
3459,27,1639,44
3465,6,370,51
3465,0,162,53
3504,39,2203,40
3504,0,126,53
3504,0,162,53
3510,6,379,51
3510,0,126,53
3510,0,162,53
3510,0,126,53
3513,3,257,52
3513,0,126,53
3513,0,126,53
3516,3,331,52
3516,0,126,53
3522,6,370,51
3546,24,783,45
3549,3,257,52
3558,9,373,50
3582,24,783,45
3582,0,162,53
3585,3,257,52
3594,9,373,50
3603,9,372,50
3603,0,126,53
3606,3,248,52
3606,0,126,53
3630,24,783,45
3633,3,248,52
3642,9,381,50
3645,3,257,52
3648,3,257,52
3654,6,371,51
3663,9,502,50
3663,0,162,53
3672,9,372,50
3684,12,494,49
3690,6,370,51
3690,0,126,53
3690,0,162,53
3693,3,248,52
3696,3,248,52
3696,0,162,53
3711,15,390,48
3711,0,126,53
3738,27,1137,44
3741,3,257,52
3783,42,2506,39
3795,12,525,49
3795,0,162,53
3798,3,257,52
3801,3,319,52
3804,3,248,52
3804,0,126,53
3810,6,370,51
3816,6,370,51
3816,0,126,53
3840,24,783,45
3861,21,873,46
3861,0,126,53
3861,0,126,53
3867,6,370,51
3879,12,503,49
3879,0,162,53
3888,9,493,50
3906,18,644,47
3921,15,755,48
3921,0,126,53
3930,9,373,50
3930,0,126,53
3930,0,162,53
3939,9,373,50
3942,3,257,52
3942,0,126,53
3951,9,373,50
3954,3,257,52
3960,6,379,51
3960,0,162,53
3960,0,126,53
3969,9,373,50
3969,0,126,53
3981,12,503,49
3981,0,162,53
4005,24,783,45
4014,9,493,50
4020,6,371,51
4029,9,373,50
4032,3,257,52
4032,0,126,53
4032,0,126,53
4032,0,162,53
4032,0,126,53
4032,0,126,53
4053,21,774,46
4065,12,494,49
4074,9,372,50
4092,18,895,47
4095,3,257,52
4101,6,370,51
4116,15,755,48
4134,18,755,47
4143,9,372,50
4149,6,370,51
4155,6,476,51
4164,9,372,50
4164,0,126,53
4164,0,126,53
4164,0,126,53
4176,12,506,49
4179,3,257,52
4188,9,373,50
4194,6,379,51
4194,0,126,53
4200,6,370,51
4203,3,257,52
4203,0,126,53
4209,6,370,51
4215,6,379,51
4218,3,257,52
4218,0,126,53
4218,0,126,53
4218,0,126,53
4221,3,257,52
4230,9,373,50
4230,0,162,53
4254,24,783,45
4269,15,755,48
4272,3,128,52
4275,3,257,52
4284,9,373,50
4284,0,126,53
4299,15,755,48
4299,0,126,53
4299,0,126,53
4299,0,126,53
4314,15,755,48
4332,18,645,47
4359,27,1639,44
4359,0,162,53
4371,12,507,49
4380,9,373,50
4383,3,128,52
4392,9,373,50
4395,3,128,52
4398,3,128,52
4401,3,128,52
4404,3,128,52
4404,0,126,53
4413,9,373,50
4419,6,379,51
4422,3,128,52
4425,3,128,52
4425,0,126,53
4425,0,162,53
4428,3,257,52
4431,3,128,52
4431,0,126,53
4434,3,257,52
4434,0,126,53
4437,3,128,52
4437,0,126,53
4437,0,126,53
4443,6,488,51
4449,6,379,51
4452,3,331,52
4455,3,128,52
4455,0,126,53
4461,6,379,51
4467,6,370,51
4476,9,373,50
4476,0,126,53
4482,6,370,51
4491,9,373,50
4515,24,783,45
4524,9,373,50
4527,3,248,52
4536,9,373,50
4539,3,257,52
4557,18,1151,47
4563,6,370,51
4569,6,476,51
4584,15,755,48
4626,42,2505,39
4635,9,372,50
4638,3,257,52
4638,0,126,53
4638,0,162,53
4641,3,128,52
4647,6,488,51
4656,9,373,50
4662,6,379,51
4662,0,126,53
4662,0,126,53
4662,0,162,53
4683,21,774,46
4710,27,1639,44
4710,0,126,53
4710,0,126,53
4731,21,1174,46
4737,6,250,51
4737,0,162,53
4737,0,126,53
4737,0,162,53
4743,6,370,51
4746,3,257,52
4746,0,126,53
4749,3,257,52
4752,3,257,52
4752,0,162,53
4761,9,373,50
4785,24,784,45
4794,9,373,50
4794,0,126,53
4794,0,162,53
4794,0,162,53
4794,0,126,53
4797,3,257,52
4797,0,126,53
4800,3,319,52
4806,6,379,51
4815,9,493,50
4839,24,783,45
4848,9,493,50
4848,0,126,53
4857,9,373,50
4884,27,1639,44
4893,9,372,50
4896,3,248,52
4911,15,971,48
4911,0,162,53
4914,3,257,52
4914,0,126,53
4914,0,126,53
4914,0,126,53
4914,0,162,53
4923,9,493,50
4923,0,126,53
4923,0,162,53
4923,0,162,53
4923,0,162,53
4947,24,783,45
4956,9,493,50
4956,0,126,53
4971,15,617,48
4971,0,162,53
4989,18,644,47
5028,39,2348,40
5031,3,257,52
5040,9,373,50
5049,9,493,50
5049,0,126,53
5055,6,379,51
5061,6,370,51
5061,0,126,53
5067,6,488,51
5070,3,249,52
5073,3,257,52
5082,9,372,50
5085,3,248,52
5085,0,126,53
5094,9,373,50
5094,0,126,53
5097,3,257,52
5124,27,1639,44
5124,0,126,53
5148,24,783,45
5151,3,257,52
5166,15,746,48
5175,9,373,50
5175,0,126,53
5178,3,251,52
5187,9,372,50
5196,9,493,50
5199,3,257,52
5208,9,493,50
5217,9,493,50
5226,9,645,50
5229,3,319,52
5229,0,162,53
5241,12,494,49
5247,6,370,51
5256,9,645,50
5262,6,371,51
5274,12,494,49
5283,9,372,50
5283,0,126,53
5289,6,370,51
5289,0,126,53
5310,21,774,46
5313,3,257,52
5325,12,623,49
5334,9,493,50
5352,18,755,47
5361,9,373,50
5388,27,895,44
5397,9,373,50
5400,3,248,52
5454,54,793,35
5454,0,162,53
5472,18,755,47
5472,0,162,53
5481,9,373,50
5481,0,126,53
5505,24,1332,45
5514,9,493,50
5514,0,126,53
5523,9,373,50
5538,15,746,48
5538,0,126,53
5541,3,257,52
5547,6,370,51
5550,3,319,52
5556,6,379,51
5565,9,493,50
5574,9,493,50
5574,0,162,53
5574,0,126,53
5574,0,126,53
5574,0,162,53
5574,0,126,53
5577,3,257,52
5601,24,783,45
5607,6,370,51
5616,9,373,50
5622,6,488,51
5628,6,370,51
5637,9,373,50
5664,27,1639,44
5667,3,248,52
5688,21,774,46
5688,0,126,53
5688,0,126,53
5691,3,248,52
5694,3,319,52
5694,0,162,53
5697,3,257,52
5706,9,372,50
5706,0,126,53
5709,3,319,52
5709,0,162,53
5709,0,126,53
5715,6,379,51
5715,0,126,53
5742,27,1639,44
5751,9,493,50
5754,3,257,52
5754,0,126,53
5754,0,126,53
5754,0,126,53
5754,0,126,53
5778,24,783,45
5781,3,319,52
5790,9,372,50
5799,9,373,50
5817,18,1151,47
