cum_score,score,time,bricks
0,0,126,53
3,3,128,52
9,6,250,51
9,0,126,53
9,0,162,53
9,0,162,53
12,3,257,52
24,12,494,49
27,3,248,52
30,3,248,52
42,12,790,49
45,3,257,52
63,18,894,47
72,9,633,50
81,9,501,50
87,6,370,51
99,12,494,49
102,3,128,52
138,36,1402,41
150,12,614,49
189,39,1532,40
228,39,1662,40
234,6,371,51
234,0,126,53
282,48,1691,37
315,33,1613,42
327,12,790,49
339,12,641,49
360,21,983,46
384,24,1111,45
402,18,948,47
411,9,379,50
414,3,319,52
432,18,867,47
450,18,867,47
495,45,1540,38
537,42,2288,39
546,9,501,50
555,9,633,50
564,9,633,50
570,6,379,51
576,6,397,51
612,36,1662,41
645,33,1400,42
645,0,126,53
648,3,248,52
663,15,616,48
672,9,633,50
678,6,370,51
684,6,370,51
693,9,501,50
708,15,736,48
711,3,128,52
735,24,1007,45
750,15,745,48
771,21,876,46
777,6,250,51
783,6,370,51
798,15,763,48
807,9,372,50
819,12,802,49
822,3,128,52
834,12,792,49
843,9,373,50
846,3,248,52
855,9,501,50
876,21,998,46
879,3,257,52
888,9,510,50
894,6,371,51
900,6,250,51
912,12,503,49
912,0,162,53
936,24,1120,45
945,9,372,50
948,3,248,52
969,21,1070,46
978,9,492,50
1005,27,1128,44
1026,21,1016,46
1044,18,747,47
1047,3,128,52
1050,3,128,52
1065,15,763,48
1074,9,546,50
1095,21,1128,46
1098,3,319,52
1119,21,763,46
1119,0,126,53
1128,9,501,50
1143,15,643,48
1149,6,371,51
1155,6,250,51
1155,0,126,53
1158,3,257,52
1161,3,128,52
1173,12,519,49
1182,9,501,50
1182,0,162,53
1212,30,1278,43
1242,30,1269,43
1254,12,614,49
1260,6,476,51
1278,18,747,47
1281,3,128,52
1287,6,250,51
1296,9,633,50
1308,12,623,49
1320,12,494,49
1350,30,1269,43
1356,6,379,51
1383,27,1587,44
1389,6,476,51
1392,3,248,52
1410,18,632,47
1437,27,1027,44
1452,15,616,48
1458,6,250,51
1458,0,126,53
1467,9,633,50
1476,9,633,50
1503,27,1251,44
1503,0,126,53
1515,12,501,49
1524,9,501,50
1524,0,126,53
1539,15,763,48
1542,3,248,52
1551,9,519,50
1563,12,790,49
1569,6,379,51
1584,15,745,48
1602,18,632,47
1608,6,370,51
1626,18,885,47
1635,9,501,50
1647,12,623,49
1650,3,319,52
1692,42,1512,39
1695,3,128,52
1710,15,616,48
1755,45,1429,38
1755,0,126,53
1764,9,373,50
1779,15,635,48
1788,9,493,50
1791,3,128,52
1827,36,1305,41
1851,24,1007,45
1860,9,373,50
1860,0,126,53
1884,24,1016,45
1905,21,1273,46
1926,21,989,46
1935,9,546,50
1953,18,738,47
1962,9,501,50
1968,6,379,51
1980,12,632,49
1986,6,370,51
1989,3,248,52
1995,6,250,51
1998,3,248,52
2001,3,248,52
2007,6,370,51
2016,9,633,50
2019,3,248,52
2025,6,250,51
2025,0,162,53
2031,6,379,51
2040,9,501,50
2049,9,373,50
2055,6,371,51
2079,24,1442,45
2085,6,370,51
2151,66,2633,31
2157,6,250,51
2157,0,126,53
2160,3,248,52
2166,6,250,51
2169,3,248,52
2193,24,1129,45
2205,12,494,49
2214,9,492,50
2217,3,248,52
2229,12,623,49
2232,3,248,52
2241,9,372,50
2250,9,501,50
2262,12,632,49
2289,27,1129,44
2292,3,319,52
2307,15,804,48
2325,18,961,47
2328,3,248,52
2352,24,1285,45
2370,18,894,47
2370,0,126,53
2382,12,623,49
2391,9,501,50
2400,9,633,50
2403,3,128,52
2418,15,763,48
2466,48,2075,37
2469,3,128,52
2502,33,1513,42
2505,3,128,52
2520,15,763,48
2535,15,804,48
2547,12,790,49
2556,9,492,50
2589,33,1669,42
2616,27,1299,44
2616,0,126,53
2616,0,126,53
2640,24,894,45
2649,9,379,50
2649,0,126,53
2661,12,802,49
2667,6,371,51
2667,0,126,53
2685,18,961,47
2694,9,379,50
2697,3,128,52
2718,21,754,46
2727,9,492,50
2739,12,641,49
2748,9,492,50
2748,0,126,53
2769,21,763,46
2769,0,126,53
2772,3,248,52
2775,3,128,52
2781,6,370,51
2826,45,2143,38
2826,0,126,53
2832,6,250,51
2859,27,1141,44
2859,0,126,53
2886,27,1309,44
2904,18,1116,47
2922,18,867,47
2955,33,1638,42
2955,0,162,53
2988,33,1378,42
2988,0,126,53
2991,3,257,52
2991,0,126,53
3036,45,1672,38
3045,9,373,50
3051,6,370,51
3063,12,641,49
3069,6,371,51
3075,6,371,51
3084,9,501,50
3090,6,370,51
3093,3,128,52
3105,12,632,49
3120,15,386,48
3123,3,128,52
3144,21,1121,46
3159,15,745,48
3180,21,1120,46
3228,48,1978,37
3234,6,370,51
3276,42,1663,39
3279,3,248,52
3291,12,790,49
3318,27,1242,44
3318,0,126,53
3330,12,494,49
3348,18,754,47
3357,9,645,50
3363,6,379,51
3369,6,370,51
3378,9,501,50
3387,9,372,50
3426,39,1409,40
3429,3,128,52
3438,9,633,50
3459,21,763,46
3459,0,126,53
3462,3,257,52
3489,27,1128,44
3519,30,1016,43
3537,18,867,47
3558,21,747,46
3561,3,319,52
3561,0,126,53
3585,24,878,45
3600,15,804,48
3609,9,501,50
3621,12,632,49
3633,12,802,49
3636,3,248,52
3663,27,1442,44
3687,24,1285,45
3690,3,248,52
3714,24,887,45
3717,3,128,52
3762,45,1558,38
3762,0,126,53
3765,3,248,52
3777,12,790,49
3783,6,476,51
3786,3,128,52
3798,12,494,49
3810,12,501,49
3816,6,379,51
3831,15,745,48
3870,39,1411,40
3897,27,1242,44
3903,6,370,51
3906,3,128,52
3936,30,1005,43
3960,24,1007,45
3987,27,885,44
4008,21,1273,46
4017,9,372,50
4050,33,1391,42
4089,39,1409,40
4119,30,1269,43
4131,12,494,49
4131,0,126,53
4143,12,623,49
4146,3,128,52
4161,15,616,48
4173,12,623,49
4176,3,248,52
4176,0,162,53
4185,9,372,50
4188,3,248,52
4191,3,319,52
4200,9,633,50
4209,9,501,50
4212,3,248,52
4215,3,128,52
4236,21,774,46
4257,21,989,46
4257,0,162,53
4278,21,1273,46
4302,24,1007,45
4332,30,1244,43
4335,3,128,52
4356,21,885,46
4365,9,492,50
4389,24,1275,45
4389,0,126,53
4392,3,248,52
4437,45,1689,38
4455,18,1113,47
4464,9,373,50
4464,0,126,53
4482,18,763,47
4521,39,1796,40
4527,6,250,51
4530,3,128,52
4536,6,370,51
4548,12,614,49
4563,15,754,48
4566,3,128,52
4581,15,947,48
4614,33,1522,42
4620,6,371,51
4647,27,1129,44
4677,30,1143,43
4692,15,386,48
4707,15,623,48
4710,3,248,52
4716,6,370,51
4722,6,379,51
4725,3,319,52
4737,12,614,49
4740,3,248,52
4746,6,397,51
4770,24,1034,45
4779,9,633,50
4782,3,257,52
4815,33,1400,42
4827,12,641,49
4833,6,371,51
4833,0,126,53
4845,12,494,49
4866,21,1121,46
4881,15,625,48
4902,21,885,46
4914,12,503,49
4926,12,632,49
4941,15,754,48
4947,6,379,51
4956,9,493,50
4962,6,370,51
4998,36,1522,41
5013,15,959,48
5016,3,128,52
5031,15,625,48
5040,9,645,50
5052,12,623,49
5061,9,633,50
5070,9,493,50
5073,3,128,52
5100,27,1658,44
5109,9,372,50
5118,9,501,50
5124,6,370,51
5124,0,126,53
5145,21,885,46
5157,12,792,49
5160,3,319,52
5172,12,623,49
5196,24,1147,45
5205,9,645,50
5208,3,248,52
5208,0,126,53
5211,3,248,52
5241,30,1271,43
5256,15,641,48
5256,0,162,53
5274,18,644,47
5274,0,162,53
5289,15,745,48
5292,3,248,52
5307,15,386,48
5313,6,370,51
5316,3,319,52
5322,6,397,51
5349,27,1138,44
5355,6,370,51
5370,15,947,48
5379,9,492,50
5391,12,614,49
5397,6,370,51
5406,9,372,50
5418,12,792,49
5421,3,128,52
5430,9,492,50
5442,12,501,49
5445,3,128,52
5451,6,370,51
5481,30,1016,43
5496,15,754,48
5523,27,1135,44
5553,30,1253,43
5562,9,492,50
5571,9,372,50
5589,18,754,47
5598,9,645,50
5607,9,501,50
5613,6,379,51
5616,3,257,52
5625,9,379,50
5631,6,371,51
5634,3,319,52
5664,30,1174,43
5664,0,126,53
5676,12,802,49
5682,6,250,51
5685,3,248,52
5706,21,961,46
5760,54,1952,35
5766,6,370,51
5820,54,1438,35
5832,12,790,49
5850,18,754,47
5868,18,508,47
5871,3,248,52
5877,6,370,51
5883,6,370,51
5889,6,370,51
5895,6,370,51
5895,0,126,53
5907,12,802,49
5922,15,736,48
5931,9,492,50
5943,12,494,49
5955,12,494,49
5961,6,379,51
5961,0,126,53
5967,6,370,51
5967,0,126,53
5985,18,508,47
5991,6,370,51
6012,21,885,46
6066,54,2069,35
6102,36,1427,41
6117,15,959,48
6120,3,248,52
6123,3,319,52
6126,3,248,52
6138,12,623,49
6141,3,248,52
6153,12,790,49
6189,36,1513,41
6201,12,802,49
6210,9,372,50
6213,3,319,52
6219,6,370,51
6228,9,492,50
6228,0,162,53
6234,6,250,51
6237,3,248,52
6243,6,371,51
6243,0,126,53
6273,30,1156,43
6273,0,126,53
6285,12,802,49
6300,15,643,48
6303,3,128,52
6324,21,763,46
6327,3,248,52
6363,36,1637,41
6369,6,371,51
6375,6,250,51
6378,3,128,52
6378,0,126,53
6378,0,162,53
6393,15,764,48
6393,0,162,53
6396,3,319,52
6423,27,1159,44
6426,3,248,52
6435,9,501,50
6456,21,1121,46
6474,18,961,47
6504,30,1456,43
6507,3,248,52
6507,0,126,53
6534,27,1011,44
6540,6,370,51
6573,33,1260,42
6609,36,1515,41
6633,24,876,45
6657,24,1130,45
6660,3,128,52
6690,30,1251,43
6690,0,126,53
6693,3,319,52
6711,18,747,47
6720,9,519,50
6753,33,1391,42
6771,18,1104,47
6801,30,1296,43
6807,6,371,51
6816,9,501,50
6819,3,128,52
6828,9,546,50
6846,18,894,47
6855,9,519,50
6858,3,248,52
6861,3,248,52
6873,12,632,49
6876,3,319,52
6930,54,1438,35
6957,27,1147,44
6975,18,1104,47
6999,24,1138,45
7026,27,1120,44
7056,30,1009,43
7059,3,248,52
7095,36,1567,41
7098,3,248,52
7119,21,998,46
7119,0,126,53
7137,18,1104,47
7161,24,1007,45
7182,21,878,46
7200,18,745,47
7200,0,162,53
7206,6,371,51
7209,3,248,52
7221,12,623,49
7230,9,373,50
7236,6,370,51
7239,3,248,52
7245,6,476,51
7263,18,971,47
7293,30,1331,43
7293,0,126,53
7296,3,248,52
7326,30,1409,43
7371,45,1436,38
7374,3,248,52
7386,12,623,49
7413,27,1027,44
7419,6,370,51
7425,6,250,51
7428,3,248,52
7431,3,257,52
7440,9,492,50
7467,27,1025,44
7467,0,162,53
7473,6,476,51
7491,18,961,47
7509,18,763,47
7509,0,162,53
7515,6,250,51
7518,3,248,52
7521,3,257,52
7542,21,989,46
7548,6,250,51
7551,3,128,52
7578,27,1165,44
7578,0,126,53
7617,39,1517,40
7656,39,1576,40
7698,42,1169,39
7707,9,501,50
7710,3,128,52
7725,15,625,48
7755,30,1271,43
7758,3,248,52
7761,3,128,52
7761,0,126,53
7773,12,792,49
7776,3,248,52
7779,3,128,52
7788,9,492,50
7806,18,754,47
7827,21,1142,46
7830,3,248,52
7842,12,614,49
7878,36,1635,41
7884,6,397,51
7887,3,248,52
7923,36,1260,41
7929,6,379,51
7950,21,1121,46
7962,12,641,49
7968,6,370,51
7977,9,633,50
7983,6,370,51
8016,33,1418,42
8016,0,162,53
8025,9,638,50
8025,0,162,53
8055,30,1260,43
8058,3,128,52
8082,24,1163,45
8085,3,248,52
8103,18,1116,47
8106,3,128,52
8121,15,625,48
8124,3,248,52
8130,6,370,51
8133,3,248,52
8136,3,128,52
8184,48,1691,37
8211,27,1138,44
8229,18,754,47
8235,6,370,51
8253,18,1128,47
8265,12,790,49
8277,12,623,49
8280,3,319,52
8289,9,493,50
8289,0,162,53
8313,24,1120,45
8325,12,623,49
8328,3,128,52
8340,12,790,49
8355,15,754,48
8370,15,763,48
8394,24,998,45
8406,12,501,49
8409,3,319,52
8409,0,126,53
8418,9,501,50
8421,3,248,52
8424,3,248,52
8439,15,736,48
8472,33,1279,42
8508,36,1201,41
8520,12,641,49
8523,3,248,52
8526,3,248,52
8535,9,501,50
8550,15,386,48
8574,24,903,45
8580,6,397,51
8583,3,248,52
8613,30,1454,43
8619,6,371,51
8622,3,128,52
8646,24,1156,45
8661,15,386,48
8679,18,876,47
8697,18,894,47
8700,3,248,52
8703,3,248,52
8718,15,947,48
8727,9,372,50
8742,15,754,48
8760,18,971,47
8766,6,371,51
8772,6,250,51
8784,12,792,49
8793,9,492,50
8793,0,162,53
8799,6,379,51
8802,3,248,52
8805,3,128,52
8853,48,2091,37
8868,15,616,48
8877,9,372,50
8895,18,867,47
8916,21,1285,46
8919,3,248,52
8919,0,162,53
8955,36,1662,41
8976,21,763,46
8982,6,250,51
8997,15,736,48
9000,3,257,52
9000,0,162,53
9036,36,1522,41
9039,3,128,52
9054,15,625,48
9057,3,248,52
9066,9,633,50
9075,9,492,50
9081,6,379,51
9111,30,1156,43
9117,6,370,51
9138,21,1025,46
9159,21,885,46
9171,12,668,49
9174,3,128,52
9192,18,747,47
9195,3,248,52
9207,12,614,49
9216,9,492,50
9222,6,370,51
9222,0,126,53
9246,24,1027,45
9255,9,501,50
9297,42,1657,39
9297,0,126,53
9306,9,372,50
9312,6,397,51
9333,21,774,46
9342,9,492,50
9345,3,248,52
9363,18,754,47
9369,6,371,51
9369,0,162,53
9399,30,1139,43
9423,24,1138,45
9432,9,633,50
9444,12,641,49
9450,6,370,51
9471,21,1079,46
9489,18,1116,47
9495,6,379,51
9501,6,370,51
9501,0,126,53
9507,6,476,51
9552,45,1680,38
9555,3,248,52
9561,6,370,51
9573,12,623,49
9591,18,754,47
9609,18,641,47
9621,12,614,49
9630,9,372,50
9681,51,1951,36
9693,12,623,49
9696,3,319,52
9723,27,1138,44
9744,21,1052,46
9744,0,162,53
9747,3,248,52
9750,3,248,52
9753,3,248,52
9759,6,370,51
9771,12,623,49
9777,6,370,51
9777,0,126,53
9798,21,754,46
9801,3,319,52
9825,24,1120,45
9840,15,763,48
9861,21,1294,46
9867,6,476,51
9870,3,319,52
9876,6,370,51
9882,6,250,51
9882,0,126,53
9891,9,501,50
9921,30,1269,43
9936,15,745,48
9951,15,386,48
9954,3,257,52
9972,18,948,47
9993,21,1122,46
10041,48,2680,37
10053,12,614,49
10074,21,998,46
10095,21,1121,46
10143,48,1980,37
10143,0,126,53
10152,9,501,50
10152,0,126,53
10155,3,248,52
10173,18,508,47
10182,9,633,50
10200,18,961,47
10209,9,501,50
10209,0,126,53
10218,9,501,50
10221,3,128,52
10227,6,250,51
10236,9,633,50
10260,24,885,45
10266,6,370,51
10290,24,1430,45
10305,15,971,48
10305,0,126,53
10311,6,370,51
10335,24,998,45
10338,3,248,52
10359,21,1128,46
10368,9,501,50
10383,15,745,48
10392,9,373,50
10392,0,126,53
10401,9,493,50
10401,0,162,53
10416,15,736,48
10422,6,370,51
10425,3,128,52
10449,24,1133,45
10482,33,1262,42
10518,36,2099,41
10521,3,128,52
10530,9,492,50
10536,6,370,51
10536,0,126,53
10554,18,894,47
10557,3,248,52
10566,9,519,50
10572,6,370,51
10605,33,1400,42
10614,9,633,50
10629,15,643,48
10632,3,257,52
10659,27,1138,44
10662,3,128,52
10683,21,763,46
10689,6,371,51
10698,9,493,50
10701,3,248,52
10713,12,614,49
10737,24,1129,45
10737,0,126,53
10749,12,623,49
10767,18,1104,47
10797,30,1154,43
10797,0,162,53
10842,45,1400,38
10842,0,162,53
10893,51,2055,36
10920,27,1308,44
10947,27,1138,44
10950,3,248,52
10977,27,1129,44
10986,9,501,50
11004,18,644,47
11028,24,1129,45
11040,12,623,49
11073,33,1152,42
11073,0,126,53
11085,12,802,49
11091,6,250,51
11097,6,371,51
11097,0,126,53
11100,3,257,52
11163,63,2779,32
11163,0,162,53
11175,12,623,49
11178,3,257,52
11187,9,492,50
11199,12,632,49
11220,21,998,46
11223,3,128,52
11241,18,961,47
11253,12,790,49
11256,3,128,52
11277,21,989,46
11304,27,1131,44
11316,12,641,49
11331,15,763,48
11352,21,998,46
11355,3,248,52
11373,18,867,47
11379,6,371,51
11385,6,370,51
11421,36,1260,41
11460,39,1438,40
11490,30,1131,43
11496,6,370,51
11502,6,370,51
11511,9,501,50
11544,33,1072,42
11553,9,372,50
11580,27,1007,44
11580,0,162,53
11592,12,501,49
11598,6,370,51
11607,9,501,50
11610,3,128,52
11631,21,885,46
11643,12,494,49
11646,3,128,52
11679,33,1156,42
11703,24,878,45
11715,12,494,49
11733,18,961,47
11736,3,248,52
11745,9,492,50
11799,54,2523,35
11805,6,379,51
11835,30,1260,43
11841,6,250,51
11847,6,371,51
11856,9,633,50
11859,3,257,52
11871,12,614,49
11877,6,370,51
11907,30,1009,43
11907,0,126,53
11913,6,370,51
11916,3,128,52
11949,33,1393,42
11961,12,641,49
12024,63,2091,32
12024,0,162,53
12033,9,633,50
12042,9,492,50
12054,12,623,49
12060,6,370,51
12066,6,371,51
12072,6,476,51
12075,3,248,52
12084,9,501,50
12087,3,248,52
12114,27,1138,44
12129,15,616,48
12132,3,248,52
12147,15,745,48
12165,18,867,47
12165,0,162,53
12171,6,250,51
12174,3,128,52
12177,3,248,52
12180,3,128,52
12204,24,1009,45
12279,75,2511,28
12288,9,519,50
12303,15,737,48
12306,3,128,52
12315,9,519,50
12321,6,250,51
12321,0,126,53
12324,3,248,52
12327,3,248,52
12333,6,250,51
12339,6,370,51
12369,30,1025,43
12369,0,126,53
12375,6,370,51
12378,3,319,52
12378,0,162,53
12393,15,971,48
12393,0,162,53
12426,33,1393,42
12435,9,501,50
12453,18,894,47
12471,18,756,47
12486,15,959,48
12495,9,501,50
12504,9,501,50
12510,6,371,51
12519,9,501,50
12528,9,373,50
12528,0,162,53
12549,21,885,46
12558,9,492,50
12576,18,1104,47
12585,9,501,50
12600,15,386,48
12606,6,370,51
12633,27,792,44
12642,9,372,50
12651,9,633,50
12663,12,623,49
12669,6,379,51
12696,27,1252,44
12714,18,748,47
12717,3,248,52
12732,15,643,48
