cum_score,score,time,bricks
15,15,521,48
15,0,126,53
21,6,254,51
21,0,126,53
27,6,256,51
27,0,126,53
33,6,379,51
33,0,126,53
33,0,126,53
42,9,372,50
45,3,257,52
57,12,614,49
60,3,319,52
63,3,319,52
66,3,248,52
93,27,1130,44
93,0,126,53
96,3,248,52
96,0,126,53
108,12,623,49
120,12,623,49
129,9,501,50
132,3,248,52
138,6,476,51
141,3,248,52
141,0,162,53
141,0,126,53
141,0,162,53
144,3,248,52
147,3,248,52
153,6,476,51
156,3,248,52
156,0,126,53
159,3,319,52
171,12,632,49
171,0,126,53
180,9,501,50
183,3,248,52
189,6,379,51
195,6,370,51
198,3,248,52
198,0,126,53
198,0,126,53
204,6,370,51
210,6,476,51
222,12,623,49
243,21,754,46
249,6,476,51
255,6,370,51
258,3,248,52
267,9,372,50
276,9,372,50
279,3,248,52
285,6,370,51
294,9,372,50
294,0,126,53
297,3,257,52
300,3,248,52
309,9,501,50
312,3,319,52
318,6,476,51
321,3,248,52
327,6,370,51
330,3,257,52
333,3,319,52
342,9,501,50
345,3,128,52
372,27,1321,44
372,0,126,53
372,0,126,53
372,0,126,53
381,9,501,50
396,15,745,48
417,21,998,46
417,0,162,53
426,9,372,50
438,12,623,49
447,9,372,50
453,6,476,51
471,18,957,47
474,3,248,52
480,6,379,51
480,0,162,53
489,9,372,50
495,6,250,51
495,0,162,53
501,6,379,51
504,3,128,52
522,18,876,47
534,12,623,49
555,21,1007,46
561,6,370,51
570,9,372,50
585,15,763,48
600,15,736,48
618,18,971,47
624,6,370,51
627,3,248,52
639,12,623,49
645,6,476,51
660,15,625,48
663,3,319,52
678,15,745,48
690,12,814,49
717,27,1147,44
735,18,876,47
750,15,754,48
762,12,494,49
765,3,248,52
777,12,802,49
783,6,379,51
789,6,379,51
801,12,623,49
804,3,319,52
804,0,126,53
810,6,250,51
816,6,379,51
828,12,632,49
843,15,625,48
846,3,248,52
852,6,250,51
867,15,754,48
876,9,501,50
888,12,623,49
897,9,501,50
918,21,961,46
930,12,623,49
936,6,379,51
963,27,1260,44
972,9,372,50
987,15,763,48
993,6,250,51
1005,12,632,49
1014,9,372,50
1029,15,625,48
1050,21,1012,46
1059,9,501,50
1062,3,248,52
1062,0,126,53
1080,18,631,47
1083,3,248,52
1086,3,248,52
1098,12,623,49
1116,18,876,47
1125,9,501,50
1137,12,623,49
1149,12,645,49
1155,6,370,51
1158,3,248,52
1158,0,126,53
1173,15,754,48
1185,12,657,49
1191,6,476,51
1215,24,1016,45
1218,3,248,52
1230,12,623,49
1263,33,1657,42
1263,0,162,53
1263,0,162,53
1272,9,492,50
1278,6,370,51
1293,15,754,48
1326,33,1258,42
1344,18,867,47
1485,141,5270,6
1533,48,1942,37
1548,15,625,48
1617,69,2380,30
1626,9,501,50
1638,12,623,49
1656,18,1128,47
1674,18,959,47
1677,3,248,52
1683,6,370,51
1713,30,1599,43
1722,9,501,50
1728,6,250,51
1737,9,372,50
1749,12,657,49
1755,6,250,51
1767,12,650,49
1791,24,1138,45
1794,3,248,52
1809,15,754,48
1815,6,250,51
1818,3,248,52
1839,21,998,46
1842,3,319,52
1845,3,248,52
1851,6,370,51
1866,15,625,48
1866,0,126,53
1899,33,1850,42
1911,12,623,49
1920,9,501,50
1932,12,623,49
1950,18,995,47
1962,12,623,49
1980,18,772,47
1983,3,319,52
1989,6,250,51
1995,6,379,51
1998,3,248,52
2007,9,501,50
2016,9,633,50
2019,3,248,52
2028,9,372,50
2043,15,754,48
2061,18,747,47
2061,0,162,53
2070,9,501,50
2070,0,126,53
2085,15,959,48
2100,15,745,48
2190,90,3020,23
2229,39,1409,40
2259,30,1302,43
2319,60,2461,33
2376,57,2082,34
2403,27,792,44
2421,18,756,47
2436,15,745,48
2451,15,802,48
2460,9,501,50
2469,9,372,50
2472,3,128,52
2475,3,319,52
2484,9,372,50
2487,3,319,52
2487,0,162,53
2505,18,747,47
2520,15,754,48
2529,9,372,50
2532,3,248,52
2556,24,876,45
2571,15,745,48
2577,6,370,51
2577,0,126,53
2586,9,492,50
2589,3,248,52
2595,6,379,51
2610,15,754,48
2610,0,162,53
2616,6,250,51
2619,3,248,52
2622,3,248,52
2634,12,657,49
2643,9,372,50
2664,21,998,46
2667,3,248,52
2673,6,379,51
2682,9,501,50
2688,6,250,51
2697,9,372,50
2697,0,126,53
2727,30,1427,43
2733,6,370,51
2748,15,754,48
2760,12,657,49
2769,9,372,50
2802,33,1522,42
2817,15,625,48
2829,12,614,49
2841,12,632,49
2856,15,772,48
2862,6,379,51
2865,3,248,52
2874,9,372,50
2889,15,754,48
2889,0,126,53
2895,6,370,51
2904,9,492,50
2925,21,1025,46
2931,6,370,51
2937,6,250,51
2940,3,248,52
2961,21,989,46
2988,27,1016,44
3006,18,814,47
3021,15,754,48
3030,9,501,50
3063,33,1549,42
3084,21,1079,46
3093,9,381,50
3096,3,128,52
3099,3,248,52
3120,21,989,46
3126,6,370,51
3135,9,372,50
3162,27,1129,44
3177,15,736,48
3198,21,1016,46
3210,12,623,49
3213,3,319,52
3216,3,248,52
3228,12,614,49
3234,6,379,51
3243,9,372,50
3249,6,370,51
3258,9,501,50
3276,18,876,47
3288,12,632,49
3294,6,250,51
3306,12,645,49
3306,0,126,53
3309,3,248,52
3339,30,1149,43
3345,6,476,51
3348,3,319,52
3378,30,1149,43
3417,39,1542,40
3423,6,476,51
3426,3,128,52
3447,21,638,46
3474,27,1269,44
3501,27,1017,44
3531,30,1427,43
3546,15,616,48
3552,6,379,51
3555,3,248,52
3567,12,632,49
3591,24,983,45
3606,15,625,48
3621,15,625,48
3636,15,745,48
3636,0,126,53
3645,9,501,50
3648,3,128,52
3648,0,162,53
3654,6,370,51
3684,30,1657,43
3684,0,126,53
3687,3,248,52
3693,6,379,51
3693,0,126,53
3702,9,492,50
3702,0,162,53
3702,0,162,53
3708,6,370,51
3726,18,971,47
3729,3,248,52
3750,21,998,46
3759,9,501,50
3768,9,501,50
3771,3,319,52
3780,9,492,50
3792,12,657,49
3795,3,248,52
3798,3,248,52
3801,3,319,52
3843,42,1987,39
3846,3,248,52
3849,3,248,52
3855,6,250,51
3861,6,250,51
3867,6,370,51
3882,15,625,48
3912,30,1302,43
3930,18,756,47
3930,0,126,53
3942,12,632,49
3966,24,1129,45
3972,6,250,51
3975,3,248,52
3984,9,372,50
3987,3,248,52
3990,3,248,52
4038,48,2200,37
4047,9,372,50
4056,9,501,50
4062,6,250,51
4068,6,370,51
4074,6,370,51
4077,3,248,52
4092,15,754,48
4098,6,370,51
4110,12,657,49
4116,6,250,51
4116,0,126,53
4131,15,625,48
4137,6,379,51
4143,6,250,51
4179,36,1662,41
4188,9,372,50
4206,18,754,47
4218,12,623,49
4260,42,1565,39
4263,3,248,52
4263,0,126,53
4275,12,503,49
4278,3,257,52
4281,3,248,52
4281,0,126,53
4302,21,1128,46
4317,15,799,48
4320,3,319,52
4341,21,878,46
4362,21,1007,46
4371,9,501,50
4392,21,1016,46
4401,9,501,50
4413,12,632,49
4419,6,370,51
4428,9,501,50
4473,45,1807,38
4491,18,754,47
4539,48,1804,37
4578,39,1296,40
4596,18,756,47
4623,27,1611,44
4632,9,501,50
4638,6,379,51
4644,6,250,51
4659,15,736,48
4662,3,128,52
4671,9,372,50
4683,12,623,49
4728,45,1924,38
4737,9,372,50
4752,15,625,48
4818,66,2023,31
4824,6,370,51
4827,3,257,52
4851,24,869,45
4854,3,257,52
4863,9,372,50
4872,9,501,50
4884,12,494,49
4899,15,736,48
4905,6,379,51
4908,3,248,52
4914,6,476,51
4938,24,1016,45
4944,6,370,51
4947,3,257,52
4953,6,370,51
4959,6,476,51
4968,9,501,50
4989,21,1007,46
4995,6,250,51
5001,6,370,51
5007,6,370,51
5013,6,370,51
5016,3,248,52
5019,3,248,52
5025,6,379,51
5034,9,501,50
5034,0,162,53
5040,6,379,51
5046,6,370,51
5061,15,745,48
5076,15,754,48
5085,9,501,50
5085,0,126,53
5136,51,1727,36
5163,27,1009,44
5166,3,128,52
5187,21,1007,46
5187,0,126,53
5190,3,319,52
5220,30,1278,43
5223,3,248,52
5244,21,1128,46
5244,0,126,53
5256,12,645,49
5256,0,126,53
5271,15,736,48
5271,0,126,53
5277,6,250,51
5283,6,379,51
5286,3,128,52
5286,0,126,53
5286,0,126,53
5292,6,379,51
5304,12,657,49
5316,12,632,49
5340,24,1000,45
5349,9,501,50
5349,0,162,53
5352,3,248,52
5361,9,501,50
5373,12,645,49
5376,3,248,52
5382,6,379,51
5403,21,1308,46
5421,18,1128,47
5433,12,632,49
5451,18,1128,47
5466,15,625,48
5472,6,370,51
5478,6,379,51
5508,30,1129,43
5520,12,632,49
5535,15,625,48
5541,6,370,51
5547,6,379,51
5553,6,370,51
5562,9,492,50
5589,27,1321,44
5589,0,162,53
5592,3,248,52
5595,3,248,52
5601,6,379,51
5601,0,162,53
5601,0,162,53
5649,48,1786,37
5664,15,754,48
5673,9,501,50
5679,6,379,51
5688,9,501,50
5721,33,1258,42
5814,93,3001,22
5865,51,2259,36
6000,135,5732,8
6000,0,162,53
6027,27,1018,44
6027,0,126,53
6075,48,1924,37
6084,9,372,50
6090,6,370,51
6093,3,248,52
6108,15,772,48
6111,3,319,52
6132,21,878,46
6138,6,370,51
6141,3,248,52
6165,24,1129,45
6186,21,876,46
6195,9,492,50
6207,12,614,49
6222,15,754,48
6276,54,1680,35
6279,3,248,52
6294,15,754,48
6306,12,650,49
6309,3,248,52
6318,9,372,50
6342,24,1016,45
6357,15,754,48
6360,3,321,52
6375,15,625,48
6423,48,1942,37
6465,42,1951,39
6471,6,370,51
6522,51,1727,36
6543,21,1016,46
6585,42,1549,39
6588,3,319,52
6603,15,736,48
6612,9,372,50
6624,12,614,49
6624,0,126,53
6630,6,250,51
6645,15,754,48
6651,6,370,51
6654,3,248,52
6657,3,248,52
6663,6,370,51
6678,15,625,48
6696,18,867,47
6696,0,126,53
6705,9,501,50
6717,12,632,49
6750,33,1258,42
6771,21,1016,46
6780,9,501,50
6786,6,379,51
6798,12,632,49
6822,24,1007,45
6852,30,1158,43
6861,9,501,50
6864,3,319,52
6873,9,372,50
6900,27,1251,44
6900,0,162,53
6915,15,625,48
6921,6,379,51
6927,6,370,51
6936,9,372,50
6948,12,623,49
6960,12,623,49
6972,12,632,49
6978,6,370,51
6984,6,379,51
7023,39,1296,40
7038,15,754,48
7044,6,370,51
7104,60,2254,33
7110,6,379,51
7125,15,625,48
7131,6,370,51
7143,12,657,49
7149,6,250,51
7158,9,501,50
7173,15,754,48
7173,0,162,53
7176,3,319,52
7203,27,1129,44
7218,15,754,48
7230,12,623,49
7239,9,372,50
7248,9,372,50
7257,9,492,50
7260,3,319,52
7269,9,501,50
7272,3,248,52
7290,18,867,47
7290,0,162,53
7299,9,372,50
7305,6,379,51
7305,0,126,53
7317,12,614,49
7326,9,633,50
7338,12,802,49
7362,24,1000,45
7365,3,128,52
7374,9,492,50
7380,6,379,51
7386,6,476,51
7401,15,754,48
7404,3,248,52
7410,6,370,51
7425,15,616,48
7428,3,248,52
7443,15,625,48
7443,0,126,53
7443,0,126,53
7449,6,250,51
7458,9,372,50
7461,3,248,52
7470,9,501,50
7473,3,319,52
7503,30,923,43
7503,0,126,53
7512,9,501,50
7521,9,372,50
7524,3,248,52
7551,27,1120,44
7575,24,983,45
7590,15,736,48
7602,12,623,49
7608,6,476,51
7617,9,372,50
7623,6,379,51
7626,3,248,52
7626,0,126,53
7632,6,379,51
7647,15,625,48
7650,3,319,52
7668,18,885,47
7674,6,370,51
7713,39,2065,40
7728,15,754,48
7734,6,370,51
7761,27,1278,44
7767,6,250,51
7767,0,126,53
7776,9,372,50
7776,0,162,53
7806,30,923,43
7815,9,510,50
7818,3,248,52
7836,18,1128,47
7851,15,616,48
7857,6,476,51
7872,15,745,48
7884,12,614,49
7890,6,379,51
7893,3,248,52
7896,3,248,52
7902,6,379,51
7902,0,126,53
7923,21,991,46
7935,12,657,49
7938,3,248,52
7971,33,1896,42
7974,3,319,52
7995,21,998,46
7995,0,126,53
8010,15,745,48
8016,6,379,51
8016,0,126,53
8025,9,501,50
8031,6,250,51
8034,3,248,52
8040,6,250,51
8052,12,623,49
8067,15,799,48
8070,3,248,52
8076,6,250,51
8079,3,248,52
8094,15,754,48
8103,9,501,50
8109,6,476,51
8133,24,878,45
8133,0,126,53
8166,33,1400,42
8175,9,501,50
8199,24,1027,45
8202,3,319,52
8229,27,1016,44
8232,3,248,52
8265,33,1630,42
8265,0,126,53
8283,18,971,47
8283,0,126,53
8316,33,1522,42
8322,6,379,51
8331,9,372,50
8379,48,1915,37
8379,0,126,53
8400,21,998,46
8403,3,248,52
8409,6,250,51
8415,6,379,51
8469,54,2018,35
8496,27,1242,44
8517,21,998,46
8520,3,248,52
8520,0,126,53
8538,18,1128,47
8562,24,1285,45
8565,3,248,52
8571,6,250,51
8577,6,370,51
8586,9,372,50
8592,6,250,51
8595,3,248,52
8610,15,745,48
8619,9,501,50
8625,6,379,51
8727,102,2777,19
8793,66,2344,31
8829,36,1531,41
8898,69,2601,30
8922,24,1129,45
8955,33,1645,42
8979,24,1285,45
8979,0,162,53
8982,3,248,52
8997,15,754,48
9006,9,372,50
9015,9,372,50
9015,0,162,53
9018,3,248,52
9024,6,379,51
9045,21,1025,46
9054,9,372,50
9057,3,248,52
9066,9,645,50
9072,6,370,51
9090,18,1128,47
9096,6,476,51
9126,30,1463,43
9132,6,250,51
9135,3,128,52
9141,6,379,51
9144,3,248,52
9156,12,623,49
9156,0,126,53
9177,21,894,46
9183,6,370,51
9189,6,370,51
9195,6,370,51
9201,6,250,51
9207,6,370,51
9210,3,248,52
9210,0,126,53
9222,12,614,49
9222,0,126,53
9231,9,372,50
9231,0,126,53
9255,24,1147,45
9270,15,754,48
9279,9,372,50
9282,3,128,52
9291,9,501,50
9303,12,623,49
9324,21,1016,46
9333,9,501,50
9345,12,623,49
9357,12,645,49
9363,6,476,51
9402,39,1434,40
9411,9,501,50
9414,3,248,52
9417,3,319,52
9432,15,745,48
9438,6,370,51
9441,3,248,52
9441,0,126,53
9450,9,492,50
9453,3,248,52
9453,0,126,53
9477,24,1138,45
9489,12,614,49
9489,0,126,53
9489,0,126,53
9504,15,754,48
9513,9,633,50
9522,9,501,50
9531,9,501,50
9558,27,1269,44
9558,0,126,53
9579,21,894,46
9582,3,248,52
9603,21,1007,46
9609,6,379,51
9642,33,1647,42
9651,9,501,50
9654,3,319,52
9669,15,625,48
9684,15,616,48
9699,15,754,48
9726,27,1314,44
9729,3,248,52
9759,30,1400,43
9765,6,370,51
9765,0,126,53
9768,3,248,52
9783,15,616,48
9786,3,319,52
9801,15,625,48
9810,9,501,50
9813,3,248,52
9864,51,1727,36
9921,57,2452,34
9966,45,1653,38
9987,21,878,46
9996,9,372,50
9999,3,248,52
10005,6,379,51
10017,12,623,49
10023,6,370,51
10032,9,372,50
10035,3,248,52
10047,12,623,49
10050,3,257,52
10053,3,248,52
10071,18,747,47
10077,6,370,51
10089,12,381,49
10095,6,379,51
10119,24,1138,45
10122,3,128,52
10122,0,162,53
10128,6,370,51
10143,15,745,48
10152,9,381,50
10158,6,379,51
10158,0,126,53
10167,9,372,50
10176,9,501,50
10179,3,128,52
10182,3,319,52
10221,39,1784,40
10230,9,372,50
10245,15,625,48
10266,21,891,46
10269,3,319,52
10275,6,370,51
10293,18,754,47
10314,21,774,46
10317,3,128,52
10332,15,745,48
10338,6,379,51
10341,3,248,52
10344,3,319,52
10359,15,625,48
10413,54,2082,35
10416,3,128,52
10419,3,248,52
10425,6,370,51
10434,9,501,50
10443,9,372,50
10446,3,319,52
10497,51,2148,36
10500,3,319,52
10503,3,257,52
10503,0,162,53
10515,12,802,49
10518,3,319,52
10524,6,379,51
10536,12,650,49
10560,24,983,45
10563,3,250,52
10569,6,370,51
10581,12,614,49
10596,15,625,48
10614,18,747,47
10629,15,625,48
10635,6,370,51
10650,15,625,48
10749,99,2919,20
10755,6,370,51
10758,3,128,52
10758,0,126,53
10767,9,501,50
10767,0,162,53
10782,15,754,48
10785,3,248,52
10785,0,126,53
10794,9,372,50
10800,6,476,51
10806,6,370,51
10812,6,476,51
10827,15,745,48
10833,6,250,51
10833,0,162,53
10839,6,250,51
10869,30,1508,43
10872,3,248,52
10878,6,476,51
10878,0,126,53
10881,3,248,52
10887,6,370,51
10899,12,657,49
10908,9,372,50
10926,18,1128,47
10932,6,476,51
10968,36,1416,41
10968,0,162,53
10971,3,248,52
10980,9,501,50
11010,30,921,43
11040,30,1018,43
11049,9,501,50
11052,3,128,52
11064,12,623,49
11067,3,248,52
11100,33,1258,42
11103,3,319,52
11133,30,948,43
11136,3,248,52
11145,9,372,50
11148,3,319,52
11166,18,738,47
11178,12,650,49
11193,15,747,48
11196,3,319,52
11247,51,1908,36
11262,15,632,48
11277,15,772,48
11280,3,248,52
11283,3,248,52
11298,15,804,48
11304,6,379,51
11313,9,372,50
11337,24,876,45
11349,12,814,49
11355,6,379,51
11376,21,876,46
11376,0,126,53
11376,0,126,53
11385,9,372,50
11388,3,319,52
11406,18,1128,47
11421,15,802,48
11457,36,1680,41
11460,3,248,52
11460,0,126,53
11475,15,790,48
11484,9,372,50
11517,33,1278,42
11532,15,745,48
11541,9,372,50
11550,9,372,50
11556,6,250,51
11565,9,372,50
11577,12,614,49
11586,9,501,50
11604,18,876,47
11604,0,162,53
11613,9,501,50
11646,33,1477,42
11649,3,128,52
11649,0,126,53
11658,9,372,50
11670,12,623,49
11682,12,501,49
11688,6,370,51
11688,0,126,53
11697,9,501,50
11700,3,248,52
11706,6,379,51
11709,3,248,52
11712,3,248,52
11715,3,128,52
11730,15,625,48
11736,6,250,51
11745,9,492,50
11751,6,370,51
11760,9,501,50
11760,0,162,53
11781,21,1007,46
11787,6,250,51
11790,3,128,52
11823,33,1896,42
11829,6,370,51
11838,9,372,50
