cum_score,score,time,bricks
3,3,248,52
12,9,372,50
15,3,248,52
15,0,126,53
18,3,248,52
21,3,319,52
24,3,248,52
24,0,126,53
27,3,248,52
27,0,126,53
36,9,372,50
36,0,126,53
48,12,494,49
51,3,248,52
57,6,476,51
57,0,162,53
60,3,257,52
60,0,126,53
63,3,319,52
72,9,519,50
72,0,126,53
81,9,492,50
105,24,1147,45
111,6,371,51
111,0,126,53
123,12,790,49
138,15,802,48
147,9,501,50
150,3,128,52
177,27,1310,44
237,60,2253,33
303,66,2662,31
318,15,625,48
336,18,876,47
345,9,501,50
387,42,1436,39
390,3,248,52
393,3,248,52
396,3,248,52
408,12,623,49
414,6,370,51
426,12,645,49
429,3,319,52
435,6,379,51
447,12,623,49
447,0,126,53
456,9,492,50
471,15,826,48
480,9,493,50
483,3,319,52
507,24,1129,45
513,6,370,51
516,3,248,52
519,3,248,52
528,9,501,50
543,15,802,48
549,6,379,51
558,9,501,50
558,0,126,53
564,6,370,51
573,9,501,50
597,24,1129,45
627,30,1043,43
648,21,894,46
675,27,1310,44
675,0,126,53
693,18,745,47
693,0,126,53
711,18,763,47
711,0,126,53
780,69,2538,30
780,0,162,53
783,3,248,52
810,27,1260,44
819,9,372,50
828,9,635,50
834,6,370,51
870,36,1260,41
879,9,372,50
897,18,876,47
912,15,745,48
924,12,494,49
924,0,162,53
945,21,1016,46
963,18,763,47
963,0,126,53
981,18,885,47
1005,24,885,45
1011,6,370,51
1026,15,763,48
1026,0,126,53
1038,12,641,49
1041,3,248,52
1062,21,1130,46
1086,24,998,45
1101,15,745,48
1101,0,162,53
1113,12,641,49
1134,21,961,46
1149,15,754,48
1149,0,126,53
1161,12,828,49
1167,6,250,51
1176,9,519,50
1188,12,828,49
1194,6,370,51
1206,12,614,49
1215,9,501,50
1215,0,162,53
1242,27,1007,44
1278,36,1531,41
1278,0,126,53
1287,9,492,50
1290,3,257,52
1293,3,248,52
1350,57,1958,34
1350,0,162,53
1353,3,248,52
1362,9,633,50
1371,9,372,50
1371,0,126,53
1377,6,250,51
1389,12,615,49
1389,0,126,53
1392,3,248,52
1398,6,379,51
1407,9,501,50
1440,33,1269,42
1458,18,894,47
1473,15,826,48
1482,9,519,50
1485,3,248,52
1515,30,1624,43
1518,3,128,52
1551,33,1278,42
1557,6,250,51
1563,6,250,51
1566,3,319,52
1569,3,319,52
1578,9,633,50
1584,6,370,51
1593,9,372,50
1602,9,493,50
1605,3,128,52
1611,6,476,51
1614,3,248,52
1623,9,633,50
1632,9,372,50
1632,0,126,53
1635,3,248,52
1674,39,1558,40
1698,24,1637,45
1719,21,1070,46
1725,6,370,51
1752,27,1147,44
1755,3,248,52
1758,3,248,52
1776,18,876,47
1800,24,1120,45
1809,9,492,50
1821,12,494,49
1842,21,876,46
1851,9,501,50
1857,6,250,51
1869,12,499,49
1878,9,372,50
1887,9,501,50
1911,24,1016,45
1914,3,248,52
1929,15,745,48
1953,24,1138,45
1953,0,162,53
1968,15,984,48
1974,6,370,51
1980,6,371,51
1986,6,370,51
1995,9,492,50
2031,36,1384,41
2046,15,625,48
2055,9,492,50
2058,3,257,52
2109,51,1802,36
2133,24,1287,45
2163,30,1018,43
2166,3,319,52
2175,9,633,50
2202,27,1138,44
2211,9,633,50
2214,3,248,52
2232,18,747,47
2232,0,126,53
2238,6,371,51
2241,3,248,52
2265,24,1009,45
2289,24,1018,45
2289,0,126,53
2304,15,754,48
2304,0,126,53
2322,18,745,47
2325,3,248,52
2328,3,248,52
2352,24,1129,45
2358,6,250,51
2364,6,476,51
2382,18,894,47
2385,3,319,52
2412,27,894,44
2412,0,162,53
2436,24,1309,45
2448,12,790,49
2454,6,250,51
2460,6,371,51
2460,0,162,53
2472,12,623,49
2475,3,128,52
2484,9,492,50
2490,6,250,51
2493,3,257,52
2499,6,476,51
2517,18,876,47
2517,0,126,53
2523,6,250,51
2556,33,1382,42
2556,0,126,53
2565,9,510,50
2568,3,248,52
2598,30,1309,43
2607,9,493,50
2610,3,128,52
2619,9,633,50
2622,3,248,52
2634,12,623,49
2655,21,998,46
2679,24,1007,45
2685,6,250,51
2688,3,257,52
2694,6,250,51
2700,6,476,51
2706,6,370,51
2715,9,501,50
2721,6,397,51
2727,6,370,51
2739,12,614,49
2742,3,248,52
2745,3,248,52
2763,18,754,47
2772,9,492,50
2772,0,126,53
2796,24,1007,45
2802,6,250,51
2802,0,162,53
2808,6,250,51
2811,3,319,52
2811,0,162,53
2847,36,1407,41
2850,3,248,52
2853,3,248,52
2856,3,257,52
2862,6,250,51
2868,6,250,51
2874,6,370,51
2877,3,248,52
2883,6,379,51
2886,3,319,52
2895,9,501,50
2904,9,372,50
2904,0,126,53
2925,21,1007,46
2934,9,634,50
2940,6,250,51
2940,0,162,53
2952,12,632,49
2952,0,126,53
2952,0,162,53
2985,33,1567,42
2988,3,319,52
3009,21,627,46
3009,0,126,53
3018,9,492,50
3024,6,370,51
3027,3,257,52
3036,9,372,50
3048,12,704,49
3060,12,614,49
3060,0,126,53
3069,9,633,50
3075,6,371,51
3084,9,633,50
3096,12,494,49
3114,18,644,47
3123,9,373,50
3129,6,371,51
3138,9,633,50
3156,18,1120,47
3162,6,476,51
3177,15,790,48
3177,0,126,53
3192,15,754,48
3192,0,126,53
3201,9,647,50
3207,6,370,51
3225,18,745,47
3237,12,494,49
3243,6,370,51
3261,18,962,47
3276,15,802,48
3279,3,319,52
3306,27,1147,44
3315,9,492,50
3327,12,792,49
3333,6,397,51
3348,15,641,48
3351,3,128,52
3360,9,501,50
3372,12,623,49
3399,27,1147,44
3399,0,162,53
3417,18,867,47
3483,66,1869,31
3492,9,493,50
3495,3,128,52
3501,6,371,51
3501,0,126,53
3501,0,126,53
3522,21,887,46
3525,3,248,52
3525,0,162,53
3561,36,1648,41
3591,30,1332,43
3600,9,372,50
3609,9,379,50
3612,3,128,52
3651,39,2146,40
3666,15,616,48
3696,30,1027,43
3717,21,1130,46
3732,15,802,48
3738,6,370,51
3750,12,494,49
3777,27,1129,44
3783,6,379,51
3795,12,828,49
3804,9,501,50
3855,51,2177,36
3855,0,162,53
3858,3,248,52
3873,15,745,48
3879,6,371,51
3882,3,257,52
3900,18,876,47
3912,12,503,49
3921,9,501,50
3963,42,1305,39
3990,27,885,44
4014,24,885,45
4032,18,508,47
4044,12,641,49
4074,30,1131,43
4083,9,492,50
4086,3,257,52
4104,18,745,47
4122,18,885,47
4125,3,128,52
4125,0,126,53
4134,9,546,50
4143,9,501,50
4164,21,1043,46
4176,12,645,49
4182,6,476,51
4182,0,126,53
4191,9,633,50
4206,15,623,48
4209,3,248,52
4215,6,370,51
4218,3,257,52
4233,15,802,48
4242,9,501,50
4269,27,1310,44
4278,9,501,50
4281,3,248,52
4290,9,372,50
4323,33,1391,42
4359,36,1803,41
4365,6,370,51
4371,6,370,51
4374,3,248,52
4374,0,126,53
4380,6,379,51
4395,15,745,48
4395,0,126,53
4410,15,772,48
4416,6,370,51
4446,30,1391,43
4482,36,1260,41
4506,24,998,45
4536,30,1391,43
4542,6,379,51
4551,9,501,50
4626,75,2414,28
4683,57,1454,34
4743,60,1888,33
4809,66,1479,31
4842,33,1375,42
4893,51,2290,36
4929,36,1280,41
4935,6,371,51
4944,9,382,50
4950,6,371,51
4953,3,248,52
4965,12,494,49
5031,66,2015,31
5052,21,1016,46
5097,45,1796,38
5142,45,1533,38
5178,36,1635,41
5184,6,250,51
5187,3,248,52
5199,12,641,49
5268,69,2626,30
5286,18,747,47
5292,6,250,51
5295,3,248,52
5307,12,623,49
5316,9,501,50
5316,0,126,53
5325,9,519,50
5346,21,1010,46
5346,0,126,53
5358,12,623,49
5361,3,248,52
5388,27,1131,44
5397,9,492,50
5406,9,492,50
5424,18,885,47
5433,9,493,50
5436,3,128,52
5442,6,476,51
5445,3,248,52
5460,15,623,48
5460,0,126,53
5466,6,476,51
5502,36,1531,41
5508,6,370,51
5514,6,370,51
5529,15,802,48
5535,6,250,51
5538,3,248,52
5547,9,501,50
5568,21,1116,46
5580,12,614,49
5583,3,248,52
5592,9,492,50
5613,21,998,46
5622,9,501,50
5631,9,519,50
5643,12,614,49
5655,12,641,49
5670,15,522,48
5670,0,126,53
5676,6,370,51
5682,6,379,51
5700,18,903,47
5706,6,371,51
5721,15,745,48
5736,15,625,48
5757,21,878,46
5763,6,379,51
5769,6,476,51
5793,24,1287,45
5823,30,1260,43
5832,9,373,50
5832,0,126,53
5841,9,372,50
5844,3,248,52
5850,6,371,51
5850,0,126,53
5874,24,876,45
5919,45,1669,38
5931,12,503,49
5949,18,745,47
5949,0,162,53
5988,39,1400,40
5991,3,128,52
6000,9,372,50
6006,6,476,51
6009,3,319,52
6018,9,501,50
6024,6,379,51
6051,27,1242,44
6057,6,370,51
6060,3,248,52
6078,18,867,47
6093,15,736,48
6117,24,1000,45
6117,0,162,53
6129,12,632,49
6138,9,633,50
6150,12,623,49
6162,12,632,49
6171,9,501,50
6180,9,645,50
6261,81,3214,26
6276,15,625,48
6279,3,248,52
6315,36,1287,41
6321,6,371,51
6324,3,319,52
6339,15,625,48
6363,24,983,45
6369,6,371,51
6372,3,128,52
6390,18,867,47
6402,12,623,49
6444,42,1653,39
6444,0,162,53
6462,18,763,47
6477,15,793,48
6486,9,373,50
6489,3,248,52
6513,24,998,45
6519,6,250,51
6534,15,971,48
6540,6,250,51
6543,3,248,52
6555,12,501,49
6564,9,373,50
6564,0,126,53
6573,9,645,50
6600,27,1147,44
6600,0,126,53
6609,9,501,50
6621,12,641,49
6636,15,736,48
6660,24,1000,45
6666,6,379,51
6669,3,128,52
6693,24,878,45
6702,9,372,50
6708,6,250,51
6708,0,126,53
6720,12,623,49
6726,6,371,51
6729,3,128,52
6744,15,625,48
6753,9,645,50
6759,6,379,51
6768,9,372,50
6774,6,370,51
6774,0,126,53
6774,0,126,53
6792,18,745,47
6795,3,248,52
6813,18,885,47
6813,0,162,53
6837,24,1007,45
6840,3,248,52
6852,12,657,49
6852,0,126,53
6858,6,370,51
6873,15,625,48
6879,6,371,51
6885,6,370,51
6885,0,162,53
6897,12,641,49
6906,9,492,50
6921,15,754,48
6927,6,476,51
6927,0,126,53
6942,15,959,48
6951,9,501,50
6951,0,126,53
6960,9,501,50
6963,3,248,52
6975,12,623,49
6987,12,632,49
7014,27,1269,44
7029,15,736,48
7038,9,645,50
7047,9,372,50
7053,6,370,51
7053,0,126,53
7077,24,1128,45
7092,15,625,48
7095,3,128,52
7119,24,1009,45
7128,9,379,50
7128,0,126,53
7131,3,248,52
7140,9,501,50
7155,15,754,48
7173,18,763,47
7188,15,736,48
7197,9,372,50
7218,21,971,46
7236,18,1116,47
7266,30,1278,43
7269,3,248,52
7275,6,370,51
7302,27,885,44
7338,36,1400,41
7395,57,1585,34
7440,45,1310,38
7443,3,257,52
7479,36,1296,41
7479,0,162,53
7494,15,745,48
7500,6,371,51
7503,3,319,52
7524,21,878,46
7548,24,971,45
7596,48,2311,37
7599,3,257,52
7650,51,2011,36
7692,42,1915,39
7701,9,372,50
7701,0,126,53
7734,33,1309,42
7749,15,641,48
7749,0,126,53
7770,21,998,46
7800,30,1138,43
7809,9,501,50
7821,12,623,49
7842,21,763,46
7842,0,126,53
7857,15,745,48
7863,6,370,51
7881,18,858,47
7890,9,501,50
7920,30,1260,43
7935,15,745,48
7938,3,257,52
7956,18,772,47
7965,9,501,50
7971,6,371,51
7971,0,126,53
7983,12,503,49
7986,3,248,52
8013,27,1141,44
8079,66,2215,31
8118,39,1680,40
8121,3,257,52
8133,12,623,49
8136,3,257,52
8163,27,1657,44
8166,3,248,52
8169,3,248,52
8190,21,889,46
8190,0,126,53
8193,3,257,52
8214,21,869,46
8223,9,501,50
8235,12,494,49
8244,9,501,50
8271,27,1138,44
8289,18,959,47
8295,6,250,51
8301,6,370,51
8307,6,250,51
8313,6,370,51
8325,12,499,49
8334,9,519,50
8334,0,126,53
8340,6,379,51
8355,15,947,48
8364,9,492,50
8367,3,248,52
8379,12,632,49
8382,3,257,52
8391,9,501,50
8397,6,371,51
8400,3,248,52
8409,9,372,50
8415,6,371,51
8418,3,128,52
8430,12,494,49
8436,6,371,51
8442,6,370,51
8445,3,248,52
8466,21,991,46
8469,3,128,52
8505,36,1648,41
8511,6,371,51
8514,3,248,52
8538,24,1018,45
8553,15,826,48
8553,0,126,53
8559,6,370,51
8571,12,641,49
8571,0,162,53
8592,21,860,46
8634,42,1811,39
8661,27,1120,44
8667,6,250,51
8667,0,126,53
8670,3,248,52
8688,18,867,47
8691,3,248,52
8712,21,1115,46
8718,6,476,51
8730,12,623,49
8742,12,614,49
8757,15,754,48
8769,12,623,49
8790,21,869,46
8790,0,126,53
8802,12,641,49
8832,30,1260,43
8853,21,885,46
8853,0,126,53
8862,9,373,50
8862,0,126,53
8862,0,126,53
8877,15,745,48
8886,9,519,50
8892,6,370,51
8913,21,878,46
8919,6,370,51
8931,12,623,49
8931,0,126,53
8958,27,1147,44
8967,9,492,50
9027,60,1447,33
9042,15,790,48
9051,9,492,50
9075,24,878,45
9093,18,867,47
9126,33,1260,42
9135,9,379,50
9138,3,128,52
9159,21,876,46
9159,0,126,53
9168,9,492,50
9174,6,476,51
9183,9,492,50
9201,18,763,47
9204,3,257,52
9210,6,250,51
9216,6,476,51
9216,0,126,53
9222,6,379,51
9228,6,476,51
9231,3,128,52
9243,12,814,49
9276,33,1156,42
9318,42,1817,39
9321,3,128,52
9333,12,614,49
9339,6,379,51
9345,6,379,51
9354,9,372,50
9357,3,248,52
9366,9,501,50
9375,9,492,50
9375,0,162,53
9390,15,616,48
9399,9,501,50
9408,9,372,50
9417,9,645,50
9426,9,492,50
9453,27,1454,44
9459,6,371,51
9459,0,162,53
9459,0,126,53
9468,9,501,50
9477,9,501,50
9480,3,248,52
9489,9,633,50
9498,9,501,50
9513,15,386,48
9516,3,248,52
9522,6,379,51
9549,27,1027,44
9549,0,162,53
9552,3,248,52
9576,24,1138,45
9582,6,370,51
9636,54,1840,35
9648,12,501,49
9651,3,248,52
9657,6,476,51
9672,15,625,48
9687,15,947,48
9696,9,519,50
9711,15,736,48
9717,6,371,51
9720,3,257,52
9741,21,989,46
9750,9,501,50
9759,9,492,50
9762,3,248,52
9783,21,1285,46
9786,3,257,52
9792,6,250,51
9798,6,250,51
9801,3,248,52
9816,15,745,48
9822,6,250,51
9822,0,126,53
9828,6,370,51
9834,6,370,51
9861,27,885,44
9885,24,1007,45
9921,36,1659,41
9930,9,492,50
9948,18,867,47
9963,15,754,48
9975,12,641,49
10005,30,1409,43
10011,6,379,51
10029,18,894,47
10035,6,370,51
10038,3,248,52
10047,9,501,50
10068,21,998,46
10071,3,128,52
10104,33,1393,42
10116,12,623,49
10125,9,633,50
10134,9,501,50
10146,12,624,49
10146,0,126,53
10146,0,126,53
10146,0,126,53
10152,6,370,51
10173,21,763,46
10179,6,250,51
10182,3,248,52
10188,6,370,51
10191,3,248,52
10197,6,250,51
10200,3,248,52
10212,12,802,49
10242,30,1278,43
10248,6,379,51
10251,3,248,52
10266,15,625,48
10272,6,379,51
10284,12,623,49
10287,3,257,52
10302,15,790,48
10302,0,126,53
10314,12,641,49
10320,6,476,51
10350,30,1391,43
10350,0,126,53
10374,24,1287,45
10398,24,1309,45
10413,15,754,48
10425,12,503,49
10431,6,476,51
10431,0,126,53
10440,9,492,50
10446,6,371,51
10452,6,370,51
10500,48,1836,37
10500,0,126,53
10506,6,370,51
10512,6,250,51
10518,6,250,51
10518,0,162,53
10518,0,162,53
10527,9,633,50
10530,3,248,52
10530,0,126,53
10548,18,747,47
10551,3,248,52
10557,6,370,51
10578,21,867,46
10596,18,912,47
10599,3,248,52
10623,24,998,45
10629,6,370,51
10647,18,644,47
10653,6,250,51
10656,3,248,52
10656,0,126,53
10659,3,248,52
10707,48,1673,37
10707,0,126,53
10710,3,248,52
10716,6,371,51
10719,3,248,52
10746,27,1278,44
10755,9,372,50
10764,9,501,50
10767,3,319,52
10767,0,126,53
10818,51,1691,36
10821,3,248,52
10821,0,126,53
10833,12,792,49
10839,6,370,51
10848,9,372,50
10851,3,248,52
10887,36,1382,41
10887,0,162,53
10908,21,774,46
10917,9,492,50
10917,0,126,53
10923,6,371,51
10926,3,128,52
10953,27,1297,44
10971,18,959,47
10992,21,998,46
11010,18,745,47
11025,15,754,48
11037,12,623,49
11040,3,248,52
11079,39,1671,40
11085,6,371,51
11085,0,162,53
11103,18,876,47
11109,6,370,51
11118,9,492,50
11127,9,372,50
11136,9,633,50
11142,6,250,51
11142,0,126,53
11184,42,1976,39
11196,12,632,49
11214,18,1116,47
11223,9,372,50
11232,9,501,50
11262,30,1016,43
11265,3,248,52
11283,18,876,47
11283,0,162,53
11301,18,971,47
11307,6,379,51
11328,21,1079,46
11337,9,379,50
11337,0,126,53
11355,18,747,47
11361,6,250,51
11364,3,257,52
11376,12,501,49
11379,3,128,52
11385,6,370,51
11394,9,372,50
11397,3,128,52
11406,9,372,50
11421,15,736,48
11424,3,248,52
11433,9,492,50
11442,9,501,50
11460,18,971,47
11478,18,756,47
11517,39,1549,40
11520,3,257,52
11532,12,623,49
11538,6,250,51
11538,0,126,53
11556,18,1130,47
11562,6,370,51
11565,3,248,52
11583,18,747,47
11601,18,876,47
11607,6,371,51
11613,6,371,51
11613,0,162,53
11634,21,1310,46
11640,6,379,51
11664,24,876,45
11673,9,492,50
11679,6,370,51
11685,6,370,51
11694,9,492,50
11709,15,754,48
11721,12,614,49
11757,36,1949,41
11763,6,250,51
11769,6,371,51
11775,6,371,51
11775,0,126,53
11784,9,492,50
11787,3,248,52
11796,9,372,50
11799,3,257,52
11802,3,248,52
11811,9,372,50
11820,9,519,50
11823,3,319,52
11832,9,501,50
11835,3,257,52
11844,9,492,50
11856,12,614,49
11859,3,248,52
11868,9,633,50
11871,3,248,52
11898,27,1011,44
11913,15,636,48
11913,0,162,53
11931,18,790,47
11937,6,371,51
11943,6,476,51
11946,3,128,52
11964,18,959,47
11982,18,756,47
12006,24,1007,45
