cum_score,score,time,bricks
0,0,126,53
3,3,128,52
6,3,128,52
12,6,476,51
21,9,519,50
48,27,885,44
72,24,1451,45
138,66,2224,31
177,39,1384,40
210,33,1140,42
240,30,1373,43
369,129,3862,10
435,66,2606,31
459,24,1120,45
465,6,476,51
483,18,867,47
537,54,2073,35
549,12,614,49
567,18,867,47
573,6,370,51
591,18,754,47
600,9,501,50
606,6,371,51
615,9,501,50
618,3,257,52
636,18,763,47
663,27,1016,44
672,9,492,50
681,9,492,50
771,90,2324,23
822,51,2091,36
876,54,1672,35
894,18,961,47
939,45,2617,38
954,15,736,48
999,45,1334,38
1026,27,1444,44
1047,21,885,46
1059,12,790,49
1071,12,623,49
1089,18,894,47
1122,33,1531,42
1161,39,1698,40
1188,27,1149,44
1191,3,248,52
1215,24,1120,45
1215,0,126,53
1236,21,998,46
1266,30,1278,43
1278,12,614,49
1308,30,1016,43
1335,27,885,44
1371,36,1404,41
1383,12,641,49
1425,42,1429,39
1425,0,126,53
1434,9,501,50
1440,6,476,51
1446,6,371,51
1458,12,501,49
1461,3,128,52
1491,30,1278,43
1506,15,643,48
1512,6,379,51
1539,27,1014,44
1548,9,501,50
1566,18,1104,47
1599,33,1260,42
1614,15,745,48
1656,42,1278,39
1674,18,748,47
1683,9,492,50
1704,21,1121,46
1737,33,1260,42
1764,27,1260,44
1794,30,1296,43
1830,36,1271,41
1836,6,370,51
1893,57,2468,34
1914,21,1121,46
1926,12,641,49
1938,12,802,49
1947,9,633,50
1956,9,493,50
1956,0,126,53
1983,27,1129,44
1995,12,790,49
2034,39,1636,40
2043,9,372,50
2046,3,248,52
2061,15,736,48
2061,0,126,53
2073,12,790,49
2079,6,250,51
2085,6,370,51
2130,45,2274,38
2163,33,1270,42
2184,21,1007,46
2241,57,1348,34
2244,3,128,52
2262,18,867,47
2316,54,2197,35
2325,9,633,50
2334,9,492,50
2355,21,867,46
2358,3,319,52
2364,6,370,51
2370,6,379,51
2394,24,1129,45
2430,36,912,41
2481,51,1808,36
2499,18,867,47
2505,6,397,51
2520,15,754,48
2547,27,1309,44
2574,27,1242,44
2607,33,1792,42
2613,6,370,51
2640,27,1139,44
2658,18,876,47
2658,0,126,53
2676,18,961,47
2679,3,128,52
2706,27,1018,44
2724,18,747,47
2754,30,1278,43
2772,18,747,47
2778,6,250,51
2787,9,501,50
2793,6,371,51
2808,15,971,48
2817,9,633,50
2838,21,1128,46
2847,9,493,50
2847,0,126,53
2877,30,1005,43
2886,9,633,50
2892,6,397,51
2928,36,1540,41
2982,54,1869,35
2991,9,379,50
2997,6,370,51
3060,63,2512,32
3063,3,319,52
3087,24,1120,45
3090,3,128,52
3111,21,1128,46
3126,15,802,48
3159,33,1393,42
3174,15,745,48
3192,18,1104,47
3246,54,1684,35
3285,39,1298,40
3297,12,790,49
3321,24,878,45
3336,15,745,48
3354,18,867,47
3381,27,1129,44
3408,27,1129,44
3411,3,248,52
3423,12,503,49
3435,12,494,49
3462,27,1129,44
3501,39,1284,40
3513,12,704,49
3549,36,1427,41
3576,27,1156,44
3594,18,838,47
3603,9,501,50
3606,3,128,52
3639,33,1270,42
3660,21,998,46
3696,36,1515,41
3705,9,519,50
3735,30,1611,43
3735,0,126,53
3762,27,1131,44
3765,3,248,52
3780,15,745,48
3780,0,126,53
3813,33,1167,42
3825,12,623,49
3873,48,1952,37
3918,45,2143,38
3921,3,319,52
3924,3,248,52
3930,6,250,51
3939,9,633,50
3957,18,867,47
3984,27,1309,44
3996,12,614,49
4017,21,1025,46
4026,9,501,50
4041,15,763,48
4077,36,1260,41
4089,12,494,49
4119,30,1646,43
4128,9,501,50
4131,3,128,52
4155,24,1000,45
4161,6,370,51
4197,36,1522,41
4215,18,961,47
4251,36,1522,41
4275,24,1120,45
4320,45,2286,38
4341,21,998,46
4392,51,2100,36
4407,15,736,48
4407,0,126,53
4425,18,867,47
4485,60,2597,33
4488,3,128,52
4506,18,867,47
4557,51,2222,36
4563,6,370,51
4575,12,614,49
4623,48,1680,37
4635,12,494,49
4650,15,763,48
4698,48,1820,37
4734,36,1271,41
4740,6,250,51
4776,36,1269,41
4800,24,878,45
4812,12,790,49
4830,18,867,47
4830,0,126,53
4860,30,914,43
4872,12,495,49
4878,6,370,51
4884,6,379,51
4905,21,1119,46
4908,3,319,52
4935,27,1138,44
4956,21,989,46
4956,0,162,53
4986,30,1269,43
5013,27,1251,44
5019,6,379,51
5031,12,503,49
5049,18,867,47
5052,3,257,52
5088,36,1540,41
5154,66,2259,31
5166,12,802,49
5172,6,371,51
5181,9,501,50
5184,3,128,52
5205,21,1121,46
5244,39,1276,40
5265,21,1128,46
5277,12,623,49
5301,24,1111,45
5358,57,2220,34
5367,9,501,50
5373,6,250,51
5373,0,126,53
5424,51,2195,36
5442,18,867,47
5466,24,1285,45
5466,0,126,53
5490,24,1007,45
5502,12,614,49
5529,27,885,44
5550,21,1128,46
5592,42,1863,39
5685,93,2524,22
5685,0,162,53
5700,15,971,48
5703,3,257,52
5733,30,1251,43
5751,18,867,47
5802,51,1818,36
5844,42,1681,39
5844,0,126,53
5871,27,885,44
5898,27,1156,44
5916,18,961,47
5934,18,867,47
5946,12,632,49
5958,12,623,49
5976,18,867,47
6033,57,2452,34
6033,0,126,53
6069,36,1305,41
6096,27,1129,44
6108,12,624,49
6117,9,379,50
6123,6,370,51
6156,33,1477,42
6168,12,623,49
6177,9,501,50
6243,66,2391,31
6246,3,128,52
6267,21,1016,46
6276,9,379,50
6285,9,633,50
6306,21,885,46
6318,12,614,49
6354,36,1585,41
6372,18,754,47
6378,6,371,51
6378,0,126,53
6378,0,126,53
6390,12,503,49
6399,9,492,50
6414,15,754,48
6423,9,501,50
6426,3,248,52
6465,39,1298,40
6483,18,912,47
6516,33,1495,42
6561,45,1829,38
6567,6,370,51
6579,12,790,49
6597,18,961,47
6615,18,961,47
6648,33,1070,42
6675,27,1018,44
6717,42,1681,39
6720,3,128,52
6741,21,754,46
6747,6,488,51
6753,6,397,51
6783,30,1383,43
6792,9,501,50
6801,9,379,50
6801,0,126,53
6816,15,754,48
6834,18,754,47
6837,3,128,52
6849,12,802,49
6867,18,747,47
6876,9,501,50
6954,78,3112,27
6954,0,126,53
6984,30,1409,43
7005,21,998,46
7062,57,2232,34
7074,12,495,49
7092,18,961,47
7101,9,501,50
7146,45,1698,38
7179,33,1260,42
7191,12,668,49
7197,6,250,51
7209,12,614,49
7272,63,2085,32
7296,24,1138,45
7302,6,370,51
7347,45,1915,38
7362,15,643,48
7365,3,248,52
7413,48,1549,37
7443,30,1011,43
7464,21,896,46
7464,0,126,53
7473,9,501,50
7473,0,126,53
7494,21,1273,46
7536,42,1768,39
7548,12,641,49
7587,39,1352,40
7599,12,494,49
7608,9,546,50
7632,24,878,45
7650,18,912,47
7665,15,763,48
7686,21,998,46
7689,3,257,52
7707,18,885,47
7734,27,889,44
7740,6,371,51
7743,3,128,52
7761,18,754,47
7770,9,633,50
7779,9,503,50
7785,6,379,51
7803,18,1104,47
7836,33,1045,42
7866,30,1140,43
7872,6,379,51
7881,9,633,50
7896,15,643,48
7902,6,379,51
7920,18,508,47
7944,24,1120,45
7950,6,250,51
7959,9,501,50
7980,21,989,46
8037,57,2188,34
8073,36,1653,41
8097,24,885,45
8100,3,248,52
8106,6,370,51
8115,9,501,50
8193,78,2432,27
8193,0,126,53
8202,9,633,50
8211,9,633,50
8223,12,790,49
8229,6,250,51
8238,9,492,50
8238,0,126,53
8256,18,961,47
8262,6,371,51
8280,18,867,47
8283,3,248,52
8298,15,804,48
8319,21,998,46
8379,60,2249,33
8388,9,501,50
8433,45,2322,38
8469,36,1305,41
8490,21,869,46
8496,6,250,51
8499,3,248,52
8523,24,759,45
8526,3,128,52
8556,30,914,43
8583,27,1309,44
8607,24,1111,45
8643,36,1635,41
8685,42,1655,39
8700,15,643,48
8718,18,1104,47
8742,24,1297,45
8748,6,371,51
8751,3,319,52
8763,12,623,49
8814,51,2309,36
8889,75,2671,28
8889,0,162,53
8904,15,763,48
8928,24,1000,45
8937,9,501,50
8958,21,885,46
8964,6,371,51
8979,15,745,48
8994,15,763,48
9018,24,1275,45
9021,3,319,52
9024,3,248,52
9081,57,2680,34
9081,0,126,53
9093,12,641,49
9132,39,1805,40
9138,6,370,51
9150,12,623,49
9171,21,1034,46
9201,30,1768,43
9228,27,1016,44
9270,42,1766,39
9276,6,397,51
9297,21,989,46
9300,3,128,52
9309,9,492,50
9327,18,754,47
9330,3,248,52
9333,3,248,52
9366,33,1072,42
9372,6,250,51
9378,6,370,51
9408,30,1251,43
9459,51,1445,36
9462,3,248,52
9525,63,2998,32
9555,30,1278,43
9567,12,501,49
9582,15,971,48
9603,21,767,46
9618,15,959,48
9621,3,248,52
9651,30,1260,43
9669,18,1104,47
9702,33,1359,42
9702,0,126,53
9726,24,1285,45
9726,0,126,53
9741,15,802,48
9765,24,770,45
9777,12,632,49
9804,27,1454,44
9813,9,493,50
9819,6,371,51
9822,3,257,52
9822,0,126,53
9849,27,1140,44
9867,18,754,47
9873,6,379,51
9882,9,633,50
9894,12,617,49
9918,24,1454,45
9924,6,371,51
9924,0,126,53
9930,6,250,51
9939,9,492,50
9954,15,947,48
9960,6,250,51
9972,12,519,49
10002,30,1269,43
10026,24,1299,45
10026,0,162,53
10047,21,630,46
10062,15,763,48
10080,18,867,47
10098,18,508,47
10110,12,632,49
10125,15,754,48
10146,21,1025,46
10182,36,1623,41
10215,33,1131,42
10248,33,1278,42
10284,36,1920,41
10311,27,1147,44
10323,12,623,49
10338,15,745,48
10362,24,896,45
10377,15,802,48
10389,12,623,49
10401,12,632,49
10413,12,623,49
10482,69,3132,30
10488,6,250,51
10488,0,162,53
10512,24,1007,45
10512,0,126,53
10521,9,492,50
10521,0,162,53
10524,3,319,52
10551,27,1242,44
10569,18,961,47
10569,0,126,53
10584,15,745,48
10590,6,370,51
10605,15,793,48
10614,9,633,50
10632,18,508,47
10644,12,503,49
10650,6,370,51
10653,3,128,52
10713,60,2389,33
10713,0,162,53
10722,9,501,50
10731,9,492,50
10749,18,1128,47
10755,6,370,51
10785,30,1260,43
10806,21,998,46
10812,6,476,51
10818,6,250,51
10827,9,501,50
10845,18,867,47
10890,45,1838,38
10899,9,633,50
10908,9,492,50
10908,0,162,53
10929,21,989,46
10959,30,1269,43
10977,18,1793,47
10998,21,989,46
11037,39,1646,40
11043,6,250,51
11055,12,501,49
11061,6,379,51
11076,15,623,48
11082,6,476,51
11094,12,501,49
11103,9,492,50
11124,21,630,46
11148,24,1138,45
11169,21,998,46
11178,9,501,50
11193,15,959,48
11193,0,162,53
11229,36,1154,41
11247,18,1104,47
11274,27,1278,44
11307,33,1409,42
11331,24,1165,45
11337,6,370,51
11358,21,1121,46
11406,48,1962,37
11406,0,126,53
11415,9,501,50
11415,0,126,53
11430,15,736,48
11454,24,1237,45
11463,9,492,50
11487,24,1025,45
11490,3,128,52
11520,30,1251,43
11532,12,614,49
11577,45,1429,38
11577,0,126,53
11589,12,623,49
11634,45,2488,38
11640,6,370,51
11640,0,126,53
11652,12,632,49
11661,9,373,50
11670,9,501,50
11685,15,763,48
11718,33,1504,42
11739,21,763,46
11742,3,257,52
11745,3,248,52
11748,3,248,52
11775,27,1299,44
11784,9,492,50
11793,9,492,50
11805,12,790,49
11814,9,501,50
11820,6,476,51
11823,3,248,52
11838,15,745,48
11853,15,623,48
11859,6,250,51
11865,6,371,51
11865,0,126,53
11880,15,959,48
11895,15,754,48
11910,15,616,48
11919,9,501,50
11922,3,248,52
11925,3,128,52
11946,21,989,46
11976,30,923,43
11979,3,249,52
11982,3,128,52
11985,3,257,52
12024,39,1972,40
12048,24,998,45
12057,9,492,50
12060,3,257,52
12087,27,1138,44
12096,9,633,50
12102,6,370,51
12144,42,1398,39
12150,6,250,51
12153,3,319,52
12162,9,492,50
12177,15,754,48
12180,3,248,52
12225,45,2455,38
12234,9,373,50
12234,0,126,53
12243,9,645,50
12249,6,250,51
12252,3,128,52
12273,21,630,46
12276,3,257,52
12279,3,319,52
12300,21,896,46
12303,3,248,52
12312,9,633,50
12330,18,867,47
12330,0,126,53
12351,21,747,46
12375,24,1007,45
12375,0,126,53
12381,6,370,51
12387,6,370,51
12396,9,501,50
12396,0,126,53
12405,9,519,50
12426,21,885,46
12444,18,747,47
12450,6,476,51
12462,12,623,49
12465,3,248,52
12468,3,319,52
12474,6,371,51
12483,9,379,50
12486,3,319,52
12492,6,370,51
12501,9,501,50
12525,24,1000,45
12531,6,370,51
12534,3,319,52
12537,3,248,52
12570,33,1260,42
12576,6,379,51
12588,12,623,49
12594,6,370,51
12609,15,772,48
12612,3,257,52
12633,21,885,46
12633,0,126,53
12639,6,370,51
12702,63,2711,32
12720,18,885,47
12729,9,492,50
12732,3,128,52
12756,24,878,45
12780,24,1111,45
12780,0,126,53
12786,6,250,51
12798,12,623,49
12801,3,248,52
12807,6,370,51
12825,18,897,47
12825,0,126,53
12846,21,747,46
12846,0,126,53
12849,3,248,52
12861,12,790,49
12870,9,501,50
12879,9,501,50
12888,9,372,50
12912,24,1016,45
12933,21,1034,46
12975,42,1429,39
12978,3,248,52
12987,9,501,50
13002,15,790,48
13011,9,492,50
13020,9,372,50
13029,9,501,50
13065,36,1393,41
13065,0,126,53
13068,3,319,52
13077,9,546,50
13101,24,1001,45
13101,0,126,53
13116,15,947,48
13137,21,998,46
13137,0,126,53
13143,6,370,51
13146,3,248,52
13152,6,371,51
13161,9,501,50
13170,9,501,50
13191,21,1007,46
13209,18,1116,47
13221,12,504,49
13224,3,248,52
13227,3,248,52
13263,36,1540,41
13263,0,126,53
13290,27,792,44
13290,0,162,53
13305,15,956,48
13308,3,128,52
13314,6,250,51
13323,9,501,50
13332,9,633,50
13347,15,947,48
13350,3,248,52
13356,6,370,51
13359,3,248,52
13362,3,248,52
13365,3,248,52
13401,36,1635,41
13401,0,126,53
13407,6,371,51
13410,3,319,52
13431,21,998,46
13434,3,319,52
13446,12,494,49
13458,12,494,49
13464,6,379,51
13521,57,1434,34
13551,30,1173,43
13575,24,973,45
13593,18,508,47
13623,30,1278,43
13668,45,1194,38
13692,24,1129,45
13704,12,802,49
13716,12,614,49
13734,18,961,47
13770,36,1533,41
13779,9,379,50
13779,0,126,53
13812,33,1540,42
13812,0,126,53
13824,12,501,49
13830,6,370,51
13839,9,372,50
13872,33,1147,42
13872,0,126,53
13875,3,248,52
13890,15,804,48
13911,21,1115,46
13917,6,370,51
13923,6,379,51
13929,6,397,51
13953,24,1442,45
13962,9,501,50
13977,15,736,48
13989,12,624,49
14004,15,643,48
14004,0,162,53
14013,9,501,50
14016,3,248,52
14022,6,370,51
14049,27,792,44
14058,9,492,50
14061,3,257,52
14064,3,248,52
14073,9,501,50
14076,3,248,52
14079,3,248,52
14100,21,998,46
14106,6,370,51
14160,54,2258,35
14166,6,370,51
14187,21,998,46
14217,30,1140,43
14262,45,1700,38
14283,21,747,46
14292,9,379,50
14292,0,162,53
14307,15,772,48
14334,27,1138,44
14349,15,643,48
14352,3,128,52
14373,21,1070,46
14391,18,738,47
14391,0,162,53
14415,24,1442,45
14415,0,162,53
14415,0,126,53
14424,9,501,50
14439,15,623,48
14442,3,319,52
14451,9,372,50
14463,12,614,49
14502,39,1420,40
14511,9,501,50
14520,9,501,50
14523,3,248,52
14529,6,370,51
14529,0,162,53
14535,6,371,51
14535,0,126,53
14553,18,867,47
14556,3,257,52
14565,9,493,50
14571,6,370,51
14574,3,257,52
14595,21,1016,46
14613,18,1116,47
14640,27,885,44
14673,33,1296,42
14709,36,1551,41
14718,9,501,50
14721,3,248,52
14760,39,1522,40
14790,30,1140,43
14790,0,126,53
14799,9,501,50
14799,0,126,53
14826,27,792,44
14829,3,248,52
14850,21,1121,46
14895,45,1454,38
14901,6,370,51
14919,18,921,47
14922,3,128,52
14949,27,1011,44
14949,0,126,53
14955,6,397,51
14958,3,257,52
14994,36,1621,41
14997,3,128,52
15015,18,961,47
15039,24,1120,45
15057,18,961,47
15072,15,763,48
15108,36,1522,41
15135,27,1018,44
15156,21,774,46
15159,3,257,52
15165,6,476,51
15168,3,248,52
15177,9,492,50
15183,6,371,51
15192,9,501,50
15222,30,1260,43
15258,36,1524,41
15261,3,248,52
15291,30,1444,43
15303,12,632,49
15315,12,623,49
15318,3,248,52
15324,6,379,51
15333,9,501,50
15339,6,370,51
15348,9,372,50
15351,3,257,52
15366,15,754,48
15372,6,370,51
15375,3,128,52
15378,3,248,52
15405,27,1242,44
15411,6,379,51
15429,18,885,47
15444,15,643,48
15450,6,379,51
15465,15,625,48
15501,36,1278,41
15522,21,630,46
15549,27,1129,44
15552,3,128,52
15576,24,989,45
15576,0,126,53
15579,3,128,52
15582,3,248,52
15597,15,386,48
15606,9,501,50
15639,33,1400,42
15648,9,501,50
15654,6,370,51
15657,3,248,52
15663,6,370,51
15672,9,493,50
15690,18,644,47
15696,6,250,51
15711,15,745,48
15729,18,763,47
15738,9,519,50
15771,33,1156,42
15771,0,126,53
15777,6,250,51
15813,36,1405,41
15834,21,1151,46
15846,12,614,49
15861,15,959,48
15882,21,998,46
15891,9,501,50
15903,12,623,49
15924,21,1052,46
15924,0,162,53
15930,6,370,51
15942,12,623,49
15942,0,126,53
15957,15,386,48
15966,9,633,50
15972,6,397,51
16002,30,1409,43
16023,21,1288,46
16032,9,519,50
16047,15,736,48
16071,24,1210,45
16080,9,501,50
16122,42,1427,39
16128,6,250,51
16149,21,1007,46
16158,9,492,50
16161,3,128,52
16176,15,616,48
16191,15,959,48
16206,15,745,48
16215,9,372,50
16227,12,790,49
16251,24,998,45
16263,12,495,49
16290,27,1251,44
16314,24,973,45
16329,15,616,48
16335,6,370,51
16338,3,248,52
16353,15,745,48
16359,6,250,51
16359,0,126,53
16362,3,128,52
16401,39,1185,40
16407,6,379,51
16416,9,519,50
16416,0,126,53
16416,0,162,53
16434,18,747,47
16449,15,625,48
16500,51,1821,36
16500,0,162,53
16500,0,126,53
16530,30,1456,43
16536,6,250,51
16545,9,492,50
16545,0,162,53
16563,18,1132,47
16569,6,379,51
16575,6,397,51
16590,15,623,48
16602,12,792,49
16602,0,126,53
16641,39,1998,40
16686,45,1807,38
16686,0,126,53
16713,27,1299,44
16716,3,248,52
16740,24,998,45
16740,0,162,53
16746,6,371,51
16749,3,128,52
16779,30,1296,43
16797,18,508,47
