cum_score,score,time,bricks
0,0,126,53
3,3,128,52
3,0,126,53
3,0,126,53
3,0,162,53
15,12,704,49
15,0,126,53
15,0,126,53
18,3,319,52
27,9,492,50
36,9,502,50
36,0,126,53
39,3,248,52
39,0,126,53
42,3,248,52
48,6,370,51
54,6,476,51
102,48,1915,37
123,21,912,46
123,0,126,53
129,6,370,51
132,3,257,52
147,15,793,48
168,21,989,46
168,0,126,53
186,18,867,47
195,9,492,50
240,45,1459,38
258,18,1130,47
261,3,248,52
270,9,372,50
276,6,370,51
309,33,1612,42
315,6,370,51
348,33,1156,42
363,15,754,48
393,30,1003,43
399,6,370,51
408,9,501,50
414,6,370,51
417,3,248,52
417,0,162,53
468,51,1995,36
495,27,1251,44
513,18,961,47
540,27,1131,44
546,6,379,51
555,9,633,50
582,27,1140,44
588,6,476,51
597,9,501,50
603,6,370,51
618,15,959,48
639,21,989,46
639,0,162,53
642,3,248,52
669,27,1129,44
672,3,319,52
687,15,641,48
726,39,1517,40
756,30,914,43
759,3,128,52
771,12,494,49
780,9,372,50
798,18,1104,47
822,24,1442,45
831,9,501,50
849,18,876,47
867,18,747,47
873,6,371,51
882,9,372,50
891,9,492,50
912,21,989,46
924,12,790,49
945,21,961,46
966,21,1294,46
987,21,763,46
993,6,370,51
1005,12,501,49
1008,3,319,52
1023,15,616,48
1023,0,126,53
1029,6,397,51
1050,21,763,46
1059,9,501,50
1065,6,370,51
1074,9,492,50
1110,36,1271,41
1119,9,372,50
1125,6,476,51
1131,6,476,51
1131,0,162,53
1137,6,371,51
1152,15,971,48
1158,6,370,51
1203,45,1802,38
1215,12,614,49
1248,33,1792,42
1287,39,1524,40
1287,0,126,53
1290,3,128,52
1308,18,921,47
1332,24,1009,45
1347,15,793,48
1350,3,128,52
1365,15,616,48
1374,9,546,50
1395,21,1070,46
1416,21,1120,46
1491,75,3116,28
1524,33,1558,42
1530,6,379,51
1545,15,763,48
1572,27,1018,44
1593,21,747,46
1593,0,126,53
1608,15,745,48
1611,3,248,52
1629,18,885,47
1635,6,371,51
1638,3,248,52
1656,18,867,47
1671,15,763,48
1680,9,372,50
1731,51,1700,36
1755,24,1201,45
1758,3,248,52
1776,18,894,47
1809,33,1296,42
1815,6,370,51
1842,27,1018,44
1860,18,738,47
1863,3,248,52
1872,9,501,50
1875,3,319,52
1878,3,248,52
1905,27,1658,44
1920,15,616,48
1923,3,248,52
1929,6,370,51
1944,15,754,48
1953,9,493,50
1959,6,371,51
1971,12,623,49
2028,57,1418,34
2061,33,1436,42
2061,0,126,53
2079,18,948,47
2100,21,763,46
2100,0,126,53
2118,18,885,47
2148,30,1260,43
2151,3,128,52
2172,21,876,46
2172,0,126,53
2172,0,126,53
2205,33,1471,42
2211,6,250,51
2232,21,1154,46
2232,0,126,53
2241,9,492,50
2250,9,492,50
2259,9,492,50
2259,0,162,53
2280,21,989,46
2289,9,501,50
2295,6,371,51
2301,6,370,51
2304,3,248,52
2313,9,372,50
2334,21,759,46
2334,0,126,53
2346,12,641,49
2391,45,1788,38
2394,3,248,52
2397,3,248,52
2397,0,126,53
2418,21,894,46
2421,3,128,52
2460,39,1409,40
2463,3,248,52
2472,9,501,50
2478,6,379,51
2478,0,162,53
2508,30,1373,43
2511,3,128,52
2532,21,1034,46
2553,21,747,46
2556,3,249,52
2556,0,126,53
2562,6,371,51
2565,3,128,52
2583,18,961,47
2592,9,492,50
2616,24,998,45
2622,6,379,51
2634,12,494,49
2646,12,790,49
2664,18,1116,47
2679,15,745,48
2700,21,1043,46
2721,21,1122,46
2781,60,2344,33
2784,3,128,52
2811,27,1122,44
2814,3,319,52
2838,24,885,45
2841,3,128,52
2877,36,1154,41
2886,9,633,50
2892,6,250,51
2901,9,372,50
2907,6,370,51
2916,9,492,50
2949,33,1270,42
2964,15,643,48
2970,6,397,51
2988,18,961,47
2991,3,248,52
3003,12,623,49
3012,9,379,50
3018,6,371,51
3033,15,616,48
3060,27,1016,44
3060,0,126,53
3084,24,1120,45
3096,12,668,49
3117,21,885,46
3126,9,492,50
3126,0,126,53
3150,24,1007,45
3177,27,889,44
3177,0,126,53
3180,3,128,52
3186,6,250,51
3192,6,379,51
3204,12,501,49
3210,6,379,51
3216,6,379,51
3231,15,522,48
3240,9,493,50
3249,9,373,50
3252,3,128,52
3258,6,250,51
3267,9,492,50
3273,6,476,51
3273,0,162,53
3273,0,126,53
3285,12,494,49
3309,24,896,45
3315,6,250,51
3324,9,501,50
3351,27,1141,44
3357,6,370,51
3360,3,128,52
3372,12,790,49
3396,24,1442,45
3399,3,319,52
3429,30,1456,43
3435,6,250,51
3435,0,126,53
3435,0,126,53
3438,3,248,52
3459,21,1273,46
3465,6,371,51
3471,6,476,51
3474,3,248,52
3498,24,1007,45
3525,27,1320,44
3534,9,493,50
3537,3,257,52
3540,3,319,52
3570,30,1138,43
3612,42,1672,39
3624,12,501,49
3627,3,128,52
3651,24,887,45
3657,6,250,51
3660,3,319,52
3717,57,1418,34
3720,3,248,52
3738,18,508,47
3753,15,745,48
3756,3,248,52
3774,18,1104,47
3801,27,1442,44
3801,0,162,53
3813,12,623,49
3819,6,370,51
3849,30,948,43
3849,0,126,53
3849,0,126,53
3852,3,248,52
3852,0,162,53
3873,21,878,46
3882,9,372,50
3897,15,643,48
3942,45,1794,38
3981,39,1775,40
4017,36,1648,41
4020,3,319,52
4020,0,126,53
4035,15,745,48
4059,24,885,45
4068,9,492,50
4071,3,248,52
4086,15,804,48
4116,30,1016,43
4128,12,790,49
4203,75,3227,28
4212,9,501,50
4263,51,1576,36
4263,0,162,53
4287,24,1138,45
4302,15,745,48
4323,21,869,46
4332,9,633,50
4344,12,632,49
4368,24,1129,45
4407,39,1671,40
4422,15,386,48
4425,3,128,52
4455,30,1373,43
4467,12,495,49
4476,9,501,50
4494,18,1128,47
4548,54,1944,35
4563,15,616,48
4578,15,947,48
4593,15,745,48
4605,12,623,49
4608,3,248,52
4623,15,745,48
4641,18,1116,47
4641,0,126,53
4686,45,1429,38
4686,0,126,53
4692,6,379,51
4698,6,370,51
4704,6,370,51
4716,12,641,49
4740,24,1130,45
4752,12,623,49
4767,15,643,48
4785,18,867,47
4788,3,319,52
4809,21,1119,46
4812,3,257,52
4812,0,126,53
4818,6,371,51
4824,6,250,51
4833,9,372,50
4863,30,1260,43
4896,33,1925,42
4899,3,128,52
4905,6,370,51
4911,6,379,51
4932,21,989,46
4944,12,623,49
4956,12,494,49
4959,3,248,52
4962,3,257,52
4980,18,763,47
4980,0,126,53
4983,3,248,52
5010,27,1027,44
5031,21,755,46
5031,0,162,53
5040,9,492,50
5040,0,162,53
5058,18,867,47
5076,18,867,47
5088,12,494,49
5091,3,248,52
5097,6,476,51
5103,6,371,51
5106,3,128,52
5109,3,248,52
5136,27,1018,44
5145,9,501,50
5160,15,772,48
5172,12,790,49
5175,3,128,52
5184,9,372,50
5196,12,802,49
5208,12,614,49
5229,21,763,46
5253,24,1129,45
5277,24,1120,45
5277,0,126,53
5283,6,371,51
5289,6,476,51
5295,6,379,51
5355,60,1552,33
5415,60,2516,33
5433,18,961,47
5472,39,1962,40
5478,6,371,51
5487,9,633,50
5511,24,1130,45
5514,3,319,52
5520,6,250,51
5520,0,162,53
5553,33,1391,42
5559,6,370,51
5601,42,1793,39
5604,3,248,52
5604,0,126,53
5610,6,476,51
5628,18,1130,47
5637,9,501,50
5646,9,633,50
5661,15,643,48
5667,6,250,51
5685,18,508,47
5700,15,616,48
5709,9,492,50
5712,3,248,52
5715,3,248,52
5718,3,128,52
5730,12,641,49
5733,3,248,52
5739,6,370,51
5748,9,372,50
5748,0,162,53
5757,9,546,50
5763,6,250,51
5784,21,1282,46
5784,0,126,53
5790,6,250,51
5799,9,372,50
5832,33,1274,42
5835,3,128,52
5862,27,1251,44
5862,0,126,53
5874,12,802,49
5880,6,397,51
5883,3,248,52
5886,3,248,52
5898,12,501,49
5898,0,126,53
5919,21,876,46
5919,0,126,53
5937,18,867,47
5949,12,499,49
5961,12,641,49
5964,3,248,52
5967,3,319,52
5973,6,476,51
5982,9,645,50
5985,3,248,52
5988,3,248,52
5988,0,126,53
6003,15,745,48
6012,9,501,50
6027,15,754,48
6045,18,913,47
6048,3,248,52
6054,6,370,51
6063,9,372,50
6078,15,386,48
6084,6,370,51
6099,15,971,48
6102,3,248,52
6108,6,476,51
6108,0,162,53
6129,21,989,46
6147,18,867,47
6156,9,379,50
6165,9,493,50
6165,0,162,53
6183,18,1104,47
6237,54,2197,35
6246,9,492,50
6255,9,372,50
6264,9,501,50
6288,24,1120,45
6291,3,248,52
6306,15,386,48
6306,0,126,53
6318,12,614,49
6333,15,386,48
6354,21,763,46
6363,9,492,50
6369,6,379,51
6381,12,623,49
6390,9,501,50
6393,3,319,52
6405,12,790,49
6420,15,754,48
6423,3,248,52
6429,6,370,51
6435,6,370,51
6438,3,128,52
6468,30,1456,43
6477,9,492,50
6486,9,519,50
6492,6,250,51
6504,12,614,49
6528,24,1141,45
6528,0,126,53
6534,6,250,51
6540,6,476,51
6546,6,370,51
6570,24,1129,45
6573,3,319,52
6597,24,1007,45
6603,6,250,51
6606,3,248,52
6609,3,128,52
6657,48,1997,37
6693,36,1392,41
6699,6,379,51
6714,15,763,48
6774,60,2647,33
6774,0,162,53
6777,3,248,52
6780,3,248,52
6795,15,625,48
6825,30,1173,43
6876,51,1993,36
6915,39,1429,40
6933,18,961,47
6939,6,370,51
6951,12,623,49
6957,6,371,51
6966,9,379,50
6966,0,126,53
6978,12,790,49
6984,6,370,51
6987,3,128,52
6987,0,126,53
7002,15,736,48
7017,15,745,48
7032,15,643,48
7038,6,379,51
7083,45,1785,38
7092,9,379,50
7092,0,126,53
7122,30,1016,43
7125,3,248,52
7164,39,1391,40
7203,39,1183,40
7206,3,128,52
7212,6,250,51
7221,9,492,50
7221,0,162,53
7248,27,889,44
7257,9,493,50
7257,0,162,53
7266,9,501,50
7281,15,745,48
7305,24,1138,45
7323,18,876,47
7335,12,499,49
7341,6,379,51
7344,3,248,52
7350,6,370,51
7353,3,248,52
7356,3,248,52
7371,15,804,48
7386,15,959,48
7416,30,1418,43
7428,12,494,49
7473,45,2046,38
7476,3,248,52
7491,15,804,48
7503,12,802,49
7536,33,1409,42
7536,0,126,53
7539,3,248,52
7587,48,1820,37
7605,18,1113,47
7617,12,501,49
7644,27,1011,44
7650,6,250,51
7653,3,248,52
7665,12,623,49
7668,3,128,52
7707,39,1291,40
7749,42,1793,39
7755,6,379,51
7770,15,625,48
7779,9,372,50
7788,9,501,50
7797,9,492,50
7806,9,501,50
7821,15,947,48
7830,9,519,50
7842,12,501,49
7872,30,1143,43
7887,15,386,48
7908,21,869,46
7920,12,790,49
7926,6,370,51
7935,9,372,50
7977,42,1556,39
7986,9,492,50
8001,15,754,48
8010,9,372,50
8019,9,379,50
8028,9,633,50
8040,12,790,49
8046,6,371,51
8049,3,257,52
8091,42,1838,39
8097,6,370,51
8127,30,1253,43
8130,3,128,52
8160,30,1278,43
8160,0,162,53
8166,6,370,51
8196,30,1373,43
8232,36,1260,41
8238,6,397,51
8259,21,998,46
8268,9,501,50
8391,123,4018,12
8406,15,635,48
8427,21,998,46
8433,6,370,51
8442,9,501,50
8445,3,128,52
8472,27,1140,44
8508,36,1278,41
8508,0,126,53
8508,0,162,53
8514,6,370,51
8520,6,476,51
8562,42,1685,39
8568,6,370,51
8571,3,248,52
8574,3,319,52
8601,27,885,44
8625,24,1332,45
8628,3,128,52
8643,15,386,48
8658,15,736,48
8670,12,623,49
8679,9,501,50
8691,12,632,49
8718,27,885,44
8754,36,1635,41
8760,6,371,51
8766,6,250,51
8781,15,947,48
8787,6,371,51
8790,3,128,52
8817,27,1122,44
8823,6,379,51
8823,0,126,53
8832,9,633,50
8832,0,162,53
8841,9,633,50
8850,9,493,50
8859,9,501,50
8862,3,128,52
8865,3,248,52
8886,21,885,46
8913,27,1120,44
8931,18,948,47
8937,6,370,51
8937,0,126,53
8955,18,641,47
8955,0,162,53
8958,3,248,52
8961,3,248,52
8979,18,885,47
8982,3,248,52
8988,6,379,51
8997,9,501,50
9006,9,501,50
9030,24,1130,45
9036,6,476,51
9042,6,370,51
9045,3,248,52
9045,0,126,53
9051,6,370,51
9078,27,1242,44
9090,12,519,49
9093,3,128,52
9135,42,1562,39
9138,3,248,52
9186,48,1689,37
9189,3,128,52
9189,0,162,53
9192,3,248,52
9195,3,248,52
9216,21,1007,46
9231,15,745,48
9237,6,370,51
9264,27,885,44
9276,12,494,49
9294,18,790,47
9306,12,504,49
9315,9,493,50
9315,0,162,53
9318,3,248,52
9333,15,763,48
9342,9,492,50
9348,6,370,51
9384,36,1946,41
9390,6,250,51
9396,6,476,51
9399,3,128,52
9420,21,998,46
9426,6,371,51
9426,0,162,53
9456,30,1278,43
9459,3,248,52
9492,33,1418,42
9492,0,126,53
9522,30,1373,43
9534,12,495,49
9540,6,370,51
9555,15,616,48
9561,6,370,51
9564,3,248,52
9591,27,792,44
9594,3,248,52
9600,6,370,51
9600,0,126,53
9618,18,1117,47
9630,12,790,49
9645,15,754,48
9675,30,1016,43
9705,30,1251,43
9732,27,994,44
9738,6,371,51
9747,9,373,50
9750,3,128,52
9753,3,257,52
9759,6,370,51
9762,3,248,52
9768,6,371,51
9774,6,370,51
9807,33,1274,42
9816,9,501,50
9822,6,371,51
9825,3,248,52
9828,3,248,52
9849,21,885,46
9909,60,1542,33
9921,12,494,49
9930,9,501,50
9948,18,885,47
9963,15,754,48
9969,6,379,51
9996,27,1002,44
9999,3,249,52
9999,0,162,53
10008,9,501,50
10026,18,876,47
10056,30,1260,43
10077,21,998,46
10083,6,250,51
10092,9,379,50
10095,3,128,52
10101,6,371,51
10101,0,126,53
10107,6,370,51
10116,9,372,50
10134,18,876,47
10152,18,961,47
10191,39,1653,40
10215,24,878,45
10224,9,501,50
10230,6,476,51
10230,0,126,53
10239,9,492,50
10242,3,128,52
10269,27,792,44
10269,0,126,53
10272,3,248,52
10278,6,371,51
10284,6,370,51
10290,6,476,51
10326,36,1507,41
10335,9,492,50
10341,6,370,51
10344,3,248,52
10347,3,248,52
10356,9,492,50
10365,9,501,50
10392,27,792,44
10401,9,372,50
10413,12,632,49
10437,24,1138,45
10452,15,616,48
10455,3,248,52
10497,42,1775,39
10497,0,162,53
10521,24,1111,45
10536,15,947,48
10548,12,802,49
10575,27,1130,44
10584,9,373,50
10590,6,370,51
10596,6,371,51
10596,0,126,53
10644,48,1847,37
10653,9,379,50
10659,6,371,51
10671,12,632,49
10719,48,2037,37
10737,18,867,47
10779,42,1554,39
10785,6,250,51
10785,0,126,53
10791,6,371,51
10803,12,614,49
10806,3,257,52
10824,18,961,47
10824,0,126,53
10827,3,128,52
10863,36,1492,41
10863,0,162,53
10875,12,623,49
10887,12,614,49
10893,6,250,51
10902,9,492,50
10911,9,501,50
10917,6,370,51
10923,6,371,51
10926,3,128,52
10944,18,885,47
10947,3,248,52
10959,12,790,49
10974,15,802,48
10992,18,641,47
10992,0,126,53
11004,12,790,49
11019,15,635,48
11058,39,1445,40
11073,15,745,48
11082,9,492,50
11088,6,476,51
11097,9,379,50
11100,3,128,52
11121,21,876,46
11133,12,614,49
11145,12,790,49
11154,9,372,50
11169,15,971,48
11172,3,249,52
11175,3,248,52
11196,21,1079,46
11220,24,1430,45
11229,9,492,50
11235,6,371,51
11235,0,126,53
11262,27,885,44
11295,33,1400,42
11310,15,643,48
11316,6,371,51
11328,12,623,49
11349,21,763,46
11352,3,248,52
11370,18,1104,47
11388,18,1116,47
11400,12,790,49
11412,12,623,49
11445,33,1418,42
11463,18,632,47
11484,21,774,46
11490,6,250,51
11493,3,248,52
11514,21,989,46
11541,27,1131,44
11544,3,248,52
11574,30,1364,43
11577,3,319,52
11592,15,947,48
11592,0,162,53
11607,15,632,48
11610,3,128,52
11640,30,1456,43
11652,12,623,49
11661,9,492,50
11664,3,257,52
11682,18,867,47
11700,18,913,47
11700,0,126,53
11718,18,1130,47
11718,0,126,53
11721,3,248,52
11739,18,876,47
11745,6,371,51
11748,3,248,52
11757,9,501,50
11760,3,248,52
11769,9,501,50
11781,12,614,49
11838,57,2319,34
11853,15,635,48
11862,9,501,50
11865,3,248,52
11874,9,501,50
11892,18,747,47
11904,12,624,49
11955,51,1745,36
11958,3,248,52
11964,6,476,51
11976,12,790,49
11979,3,128,52
11988,9,492,50
11997,9,492,50
12015,18,804,47
12024,9,372,50
12036,12,623,49
12048,12,494,49
12051,3,128,52
12081,30,1779,43
12084,3,248,52
12096,12,790,49
12108,12,790,49
12114,6,371,51
12117,3,128,52
12126,9,373,50
12129,3,128,52
12150,21,630,46
12153,3,128,52
12171,18,876,47
12183,12,641,49
12192,9,372,50
12279,87,2845,24
12279,0,126,53
12279,0,126,53
12288,9,492,50
12288,0,126,53
12294,6,370,51
12303,9,492,50
12306,3,319,52
12315,9,492,50
12318,3,248,52
12330,12,625,49
12336,6,371,51
12339,3,248,52
12342,3,319,52
12348,6,370,51
12357,9,492,50
12366,9,373,50
12366,0,126,53
12369,3,248,52
12378,9,492,50
12387,9,633,50
12387,0,162,53
12393,6,476,51
12396,3,248,52
12417,21,763,46
12423,6,370,51
12447,24,1130,45
12456,9,492,50
12462,6,370,51
12471,9,372,50
12480,9,501,50
12492,12,632,49
12522,30,1247,43
12528,6,250,51
12537,9,501,50
12546,9,501,50
12558,12,494,49
12561,3,128,52
12600,39,1411,40
12600,0,126,53
12609,9,492,50
12618,9,633,50
12621,3,257,52
12630,9,645,50
12648,18,876,47
12666,18,961,47
12666,0,126,53
12684,18,747,47
12696,12,494,49
12708,12,501,49
12714,6,379,51
12723,9,492,50
12729,6,476,51
12732,3,248,52
12741,9,501,50
12753,12,501,49
12756,3,248,52
12798,42,1689,39
12807,9,501,50
12819,12,790,49
12819,0,126,53
12837,18,508,47
12846,9,501,50
12855,9,501,50
12861,6,370,51
12870,9,501,50
12870,0,162,53
12882,12,704,49
12897,15,632,48
12897,0,126,53
12903,6,370,51
12906,3,248,52
12915,9,379,50
12918,3,128,52
12942,24,1016,45
