cum_score,score,time,bricks
15,15,653,48
15,0,162,53
15,0,126,53
15,0,126,53
15,0,126,53
18,3,128,52
21,3,248,52
60,39,1427,40
84,24,1138,45
147,63,2766,32
225,78,2976,27
273,48,2089,37
309,36,1549,41
318,9,501,50
318,0,126,53
330,12,623,49
339,9,492,50
342,3,248,52
357,15,754,48
405,48,2521,37
426,21,867,46
444,18,1116,47
465,21,1324,46
474,9,510,50
483,9,501,50
498,15,625,48
501,3,248,52
507,6,254,51
510,3,248,52
513,3,248,52
513,0,162,53
513,0,126,53
519,6,250,51
543,24,1120,45
546,3,128,52
549,3,248,52
552,3,248,52
561,9,492,50
570,9,372,50
597,27,1251,44
603,6,250,51
603,0,162,53
603,0,162,53
603,0,162,53
603,0,126,53
603,0,126,53
606,3,248,52
609,3,248,52
609,0,162,53
633,24,876,45
663,30,1296,43
666,3,128,52
666,0,126,53
1825,1159,4821,0
1876,51,2055,36
1894,18,1128,47
1978,84,3775,25
2056,78,3094,27
2098,42,1820,39
2107,9,501,50
2119,12,614,49
2125,6,379,51
2131,6,379,51
2143,12,790,49
2161,18,876,47
2176,15,625,48
2194,18,858,47
2197,3,257,52
2209,12,641,49
2245,36,1163,41
2263,18,747,47
2287,24,1129,45
2308,21,1128,46
2335,27,885,44
2374,39,2106,40
2392,18,961,47
2407,15,616,48
2425,18,867,47
2452,27,1006,44
2458,6,370,51
2473,15,971,48
2491,18,1104,47
2536,45,1831,38
2548,12,614,49
2560,12,641,49
2581,21,878,46
2608,27,1129,44
2611,3,128,52
2641,30,1173,43
2671,30,1269,43
2692,21,1016,46
2710,18,1104,47
2746,36,1402,41
2755,9,645,50
2821,66,2741,31
2839,18,1137,47
2842,3,128,52
2869,27,1003,44
2893,24,1138,45
2914,21,998,46
2947,33,1400,42
2959,12,790,49
2980,21,998,46
3007,27,1260,44
3043,36,1271,41
3052,9,633,50
3058,6,371,51
3067,9,501,50
3094,27,1138,44
3130,36,1402,41
3145,15,736,48
3157,12,614,49
3175,18,894,47
3214,39,1766,40
3220,6,370,51
3226,6,370,51
3247,21,1016,46
3277,30,1269,43
3283,6,250,51
3289,6,370,51
3319,30,1658,43
3322,3,257,52
3364,42,1681,39
3364,0,126,53
3376,12,632,49
3382,6,397,51
3424,42,1512,39
3430,6,379,51
3469,39,1298,40
3487,18,876,47
3496,9,379,50
3499,3,128,52
3514,15,763,48
3550,36,1278,41
3574,24,1138,45
3592,18,961,47
3616,24,1129,45
3619,3,128,52
3625,6,371,51
3628,3,128,52
3649,21,989,46
3652,3,248,52
3670,18,867,47
3691,21,878,46
3718,27,1147,44
3727,9,501,50
3751,24,885,45
3751,0,162,53
3766,15,745,48
3766,0,126,53
3769,3,248,52
3781,12,790,49
3784,3,257,52
3811,27,1135,44
3841,30,1005,43
3856,15,616,48
3859,3,128,52
3898,39,1532,40
3925,27,885,44
3961,36,1260,41
3979,18,867,47
3991,12,614,49
4024,33,1409,42
4027,3,248,52
4027,0,126,53
4051,24,1129,45
4072,21,1285,46
4099,27,1129,44
4111,12,614,49
4159,48,2032,37
4162,3,128,52
4180,18,1137,47
4186,6,371,51
4195,9,633,50
4198,3,257,52
4219,21,981,46
4228,9,633,50
4246,18,867,47
4249,3,248,52
4261,12,501,49
4261,0,162,53
4279,18,1116,47
4306,27,1261,44
4315,9,501,50
4315,0,126,53
4315,0,126,53
4324,9,501,50
4360,36,1558,41
4363,3,319,52
4369,6,370,51
4396,27,903,44
4414,18,1104,47
4426,12,632,49
4429,3,248,52
4432,3,257,52
4459,27,1113,44
4492,33,1297,42
4546,54,1869,35
4558,12,614,49
4564,6,370,51
4567,3,128,52
4588,21,989,46
4600,12,614,49
4609,9,501,50
4645,36,1540,41
4657,12,632,49
4684,27,1140,44
4687,3,128,52
4696,9,501,50
4720,24,1138,45
4723,3,248,52
4753,30,1016,43
4777,24,896,45
4786,9,501,50
4831,45,1445,38
4837,6,379,51
4840,3,257,52
4849,9,501,50
4894,45,2617,38
4897,3,248,52
4900,3,319,52
4921,21,1273,46
4948,27,885,44
4969,21,1034,46
4969,0,126,53
4990,21,998,46
5035,45,1585,38
5083,48,2032,37
5086,3,128,52
5095,9,633,50
5107,12,614,49
5122,15,763,48
5131,9,501,50
5146,15,754,48
5152,6,379,51
5158,6,379,51
5164,6,379,51
5176,12,501,49
5179,3,128,52
5194,15,754,48
5221,27,885,44
5260,39,1671,40
5272,12,495,49
5281,9,633,50
5290,9,493,50
5296,6,379,51
5308,12,614,49
5308,0,126,53
5314,6,250,51
5317,3,248,52
5332,15,616,48
5353,21,1128,46
5365,12,790,49
5374,9,633,50
5389,15,745,48
5431,42,1411,39
5455,24,1016,45
5512,57,2353,34
5569,57,2082,34
5575,6,250,51
5587,12,614,49
5647,60,2195,33
5665,18,867,47
5674,9,501,50
5701,27,1138,44
5713,12,790,49
5746,33,1409,42
5791,45,1436,38
5800,9,492,50
5836,36,1269,41
5857,21,998,46
5881,24,1016,45
5911,30,1278,43
5935,24,1129,45
5944,9,501,50
5956,12,632,49
5968,12,790,49
5983,15,643,48
5989,6,370,51
6028,39,1524,40
6046,18,838,47
6052,6,250,51
6061,9,492,50
6073,12,614,49
6121,48,1691,37
6142,21,1294,46
6151,9,493,50
6160,9,501,50
6160,0,126,53
6163,3,319,52
6169,6,397,51
6184,15,745,48
6199,15,754,48
6220,21,989,46
6241,21,1116,46
6244,3,319,52
6280,36,1806,41
6286,6,371,51
6286,0,126,53
6310,24,1285,45
6310,0,126,53
6319,9,492,50
6346,27,1129,44
6367,21,1034,46
6403,36,1271,41
6415,12,802,49
6415,0,126,53
6445,30,1382,43
6460,15,736,48
6460,0,126,53
6469,9,492,50
6481,12,641,49
6505,24,1285,45
6511,6,379,51
6517,6,476,51
6526,9,492,50
6547,21,885,46
6553,6,371,51
6556,3,128,52
6574,18,961,47
6589,15,616,48
6592,3,319,52
6604,12,802,49
6616,12,614,49
6685,69,3618,30
6715,30,1005,43
6718,3,128,52
6727,9,519,50
6769,42,1698,39
6784,15,959,48
6799,15,745,48
6808,9,501,50
6829,21,998,46
6835,6,250,51
6841,6,370,51
6859,18,867,47
6880,21,878,46
6898,18,961,47
6925,27,1138,44
6931,6,371,51
6937,6,371,51
6949,12,623,49
6973,24,878,45
6979,6,397,51
6988,9,501,50
6994,6,371,51
7000,6,370,51
7045,45,1436,38
7057,12,641,49
7069,12,614,49
7093,24,1129,45
7105,12,802,49
7105,0,126,53
7105,0,126,53
7129,24,1000,45
7135,6,371,51
7150,15,632,48
7156,6,371,51
7159,3,248,52
7183,24,885,45
7201,18,867,47
7234,33,1278,42
7243,9,492,50
7261,18,961,47
7279,18,867,47
7288,9,493,50
7291,3,128,52
7318,27,885,44
7336,18,885,47
7348,12,632,49
7378,30,1129,43
7408,30,1251,43
7420,12,623,49
7429,9,501,50
7435,6,370,51
7471,36,1305,41
7498,27,1138,44
7504,6,250,51
7510,6,379,51
7516,6,379,51
7531,15,763,48
7552,21,989,46
7606,54,1947,35
7609,3,128,52
7645,36,1276,41
7651,6,379,51
7669,18,508,47
7693,24,1142,45
7726,33,905,42
7738,12,614,49
7747,9,645,50
7780,33,1025,42
7783,3,128,52
7795,12,632,49
7813,18,867,47
7828,15,754,48
7843,15,971,48
7846,3,257,52
7867,21,627,46
7876,9,546,50
7894,18,754,47
7897,3,257,52
7915,18,876,47
7945,30,1269,43
7951,6,370,51
7978,27,1201,44
7990,12,632,49
8005,15,790,48
8005,0,126,53
8023,18,867,47
8098,75,2145,28
8110,12,641,49
8128,18,867,47
8182,54,2830,35
8203,21,1128,46
8215,12,623,49
8233,18,867,47
8266,33,1131,42
8296,30,1278,43
8299,3,128,52
8305,6,370,51
8329,24,1430,45
8329,0,126,53
8332,3,257,52
8341,9,546,50
8371,30,1173,43
8383,12,614,49
8425,42,1403,39
8452,27,1251,44
8461,9,501,50
8470,9,492,50
8476,6,379,51
8491,15,745,48
8506,15,971,48
8515,9,501,50
8533,18,876,47
8536,3,128,52
8554,18,961,47
8572,18,867,47
8584,12,501,49
8596,12,495,49
8632,36,1635,41
8653,21,763,46
8671,18,508,47
8686,15,621,48
8686,0,126,53
8695,9,501,50
8701,6,371,51
8710,9,501,50
8716,6,379,51
8758,42,1698,39
8761,3,257,52
8779,18,961,47
8782,3,257,52
8785,3,128,52
8785,0,126,53
8842,57,1556,34
8884,42,1672,39
8905,21,998,46
8905,0,126,53
8932,27,1309,44
8953,21,885,46
8974,21,998,46
8977,3,128,52
8983,6,476,51
8986,3,257,52
9031,45,1149,38
9067,36,1291,41
9106,39,1298,40
9130,24,1111,45
9142,12,501,49
9142,0,126,53
9142,0,126,53
9148,6,250,51
9157,9,492,50
9196,39,1542,40
9196,0,126,53
9205,9,501,50
9232,27,889,44
9232,0,162,53
9277,45,1549,38
9292,15,745,48
9298,6,370,51
9322,24,758,45
9352,30,1260,43
9358,6,379,51
9370,12,802,49
9373,3,248,52
9388,15,643,48
9397,9,492,50
9415,18,867,47
9433,18,961,47
9469,36,1145,41
9472,3,257,52
9487,15,754,48
9526,39,1298,40
9562,36,1522,41
9571,9,492,50
9604,33,1260,42
9613,9,501,50
9649,36,1540,41
9676,27,1254,44
9682,6,370,51
9685,3,319,52
9712,27,1007,44
9721,9,501,50
9748,27,1623,44
9766,18,867,47
9772,6,370,51
9793,21,869,46
9802,9,501,50
9805,3,248,52
9808,3,248,52
9826,18,867,47
9838,12,704,49
9850,12,503,49
9856,6,250,51
9862,6,476,51
9871,9,379,50
9874,3,128,52
9892,18,876,47
9898,6,370,51
9904,6,379,51
9925,21,885,46
9931,6,371,51
9940,9,501,50
9943,3,128,52
9976,33,1477,42
9991,15,754,48
10030,39,1680,40
10033,3,257,52
10036,3,128,52
10078,42,1671,39
10114,36,1386,41
10114,0,162,53
10135,21,989,46
10171,36,1260,41
10195,24,973,45
10213,18,763,47
10255,42,1393,39
10255,0,126,53
10264,9,492,50
10279,15,745,48
10324,45,1673,38
10342,18,867,47
10345,3,257,52
10366,21,998,46
10414,48,2020,37
10426,12,790,49
10438,12,802,49
10438,0,126,53
10447,9,495,50
10456,9,633,50
10459,3,248,52
10522,63,1880,32
10528,6,370,51
10537,9,501,50
10555,18,961,47
10588,33,1384,42
10591,3,248,52
10609,18,867,47
10612,3,257,52
10627,15,616,48
10639,12,790,49
10645,6,250,51
10651,6,250,51
10666,15,745,48
10690,24,1111,45
10702,12,495,49
10708,6,370,51
10768,60,1711,33
10777,9,645,50
10813,36,1531,41
10825,12,614,49
10858,33,1409,42
10876,18,921,47
10924,48,1989,37
10930,6,370,51
10975,45,1700,38
11005,30,1005,43
11011,6,397,51
11029,18,867,47
11056,27,1131,44
11068,12,614,49
11113,45,1831,38
11119,6,371,51
11125,6,370,51
11146,21,989,46
11170,24,1016,45
11191,21,885,46
11200,9,492,50
11215,15,871,48
11245,30,1269,43
11260,15,763,48
11281,21,989,46
11314,33,1409,42
11317,3,128,52
11332,15,745,48
11344,12,641,49
11347,3,319,52
11362,15,616,48
11377,15,643,48
11395,18,867,47
11398,3,128,52
11419,21,1285,46
11443,24,1430,45
11476,33,1526,42
11506,30,1122,43
11518,12,623,49
11521,3,128,52
11542,21,1120,46
11581,39,1680,40
11593,12,614,49
11629,36,1305,41
11644,15,616,48
11653,9,501,50
11680,27,1309,44
11707,27,1242,44
11734,27,1140,44
11743,9,492,50
11773,30,914,43
11806,33,1138,42
11818,12,632,49
11833,15,643,48
11836,3,128,52
11845,9,492,50
11848,3,319,52
11857,9,493,50
11863,6,379,51
11872,9,379,50
11875,3,248,52
11890,15,763,48
11920,30,1016,43
11941,21,991,46
11950,9,501,50
11956,6,379,51
11965,9,492,50
11995,30,1269,43
12013,18,876,47
12025,12,632,49
12043,18,876,47
12049,6,250,51
12067,18,1104,47
12091,24,1120,45
12118,27,885,44
12139,21,1034,46
12175,36,1045,41
12181,6,397,51
12190,9,492,50
12208,18,867,47
12259,51,1585,36
12268,9,504,50
12268,0,162,53
12304,36,1463,41
12313,9,492,50
12316,3,257,52
12334,18,961,47
12340,6,250,51
12349,9,492,50
12379,30,1444,43
12397,18,745,47
12397,0,162,53
12409,12,641,49
12451,42,1598,39
12463,12,632,49
12475,12,632,49
12478,3,128,52
12499,21,885,46
12505,6,397,51
12544,39,1815,40
12550,6,379,51
12559,9,501,50
12583,24,1129,45
12637,54,2107,35
12655,18,876,47
12661,6,370,51
12667,6,250,51
12673,6,370,51
12709,36,1540,41
12736,27,1018,44
12754,18,748,47
12781,27,903,44
12790,9,633,50
12802,12,623,49
12823,21,1128,46
12832,9,501,50
12835,3,128,52
12853,18,867,47
12874,21,885,46
12889,15,790,48
12910,21,1007,46
12958,48,2150,37
12961,3,128,52
12964,3,319,52
12967,3,250,52
12988,21,998,46
12991,3,128,52
13003,12,632,49
13066,63,2091,32
13072,6,370,51
13093,21,1007,46
13120,27,1269,44
13135,15,804,48
13156,21,998,46
13159,3,248,52
13162,3,128,52
13174,12,632,49
13195,21,1025,46
13198,3,257,52
13207,9,519,50
13228,21,885,46
13243,15,971,48
13255,12,623,49
13306,51,2299,36
13312,6,250,51
13315,3,128,52
13324,9,501,50
13330,6,371,51
13330,0,162,53
13345,15,616,48
13357,12,623,49
13363,6,371,51
13369,6,371,51
13378,9,379,50
13381,3,248,52
13408,27,1138,44
13420,12,504,49
13429,9,501,50
13429,0,126,53
13432,3,248,52
13432,0,126,53
13459,27,1133,44
13465,6,370,51
13486,21,885,46
13498,12,494,49
13510,12,790,49
13516,6,371,51
13528,12,614,49
13537,9,501,50
13570,33,1309,42
13591,21,998,46
13603,12,614,49
13618,15,763,48
13624,6,371,51
13624,0,126,53
13630,6,371,51
13630,0,126,53
13633,3,257,52
13663,30,901,43
13666,3,319,52
13684,18,508,47
13705,21,998,46
13708,3,319,52
13720,12,614,49
13765,45,1400,38
13792,27,1138,44
13831,39,1298,40
13864,33,1032,42
13891,27,1135,44
13912,21,1121,46
13927,15,763,48
13933,6,476,51
13936,3,319,52
13972,36,1034,41
13984,12,495,49
14002,18,971,47
14008,6,371,51
14023,15,522,48
14026,3,319,52
14041,15,643,48
14044,3,128,52
14077,33,1260,42
14098,21,989,46
14110,12,614,49
14131,21,627,46
14143,12,623,49
14146,3,128,52
14158,12,632,49
14185,27,1129,44
14230,45,1436,38
14242,12,790,49
14245,3,128,52
14302,57,2084,34
14311,9,633,50
14317,6,371,51
14323,6,371,51
14326,3,319,52
14338,12,790,49
14338,0,126,53
14392,54,1687,35
14425,33,1513,42
14425,0,126,53
14434,9,501,50
14434,0,126,53
14434,0,126,53
14446,12,503,49
14470,24,876,45
14485,15,616,48
14509,24,1120,45
14533,24,1285,45
14533,0,126,53
14548,15,947,48
14554,6,379,51
14566,12,704,49
14581,15,616,48
14596,15,971,48
14599,3,128,52
14617,18,867,47
14647,30,1143,43
14656,9,546,50
14683,27,885,44
14704,21,1273,46
14707,3,128,52
14728,21,869,46
14749,21,989,46
14788,39,2122,40
14794,6,379,51
14800,6,379,51
14812,12,802,49
14815,3,128,52
14827,12,623,49
14833,6,379,51
14845,12,494,49
14857,12,494,49
14866,9,492,50
14881,15,790,48
14884,3,319,52
14890,6,370,51
14920,30,1269,43
14932,12,614,49
14974,42,1671,39
14995,21,754,46
15004,9,501,50
15013,9,379,50
15013,0,126,53
15046,33,1768,42
15052,6,379,51
15067,15,736,48
15076,9,501,50
15133,57,1418,34
15157,24,1183,45
15187,30,1445,43
15220,33,1260,42
15247,27,885,44
15265,18,894,47
15295,30,1391,43
15307,12,802,49
15325,18,867,47
15334,9,501,50
15346,12,495,49
15364,18,867,47
15400,36,1491,41
15472,72,2021,29
15490,18,748,47
15493,3,128,52
15508,15,643,48
15517,9,492,50
15529,12,614,49
15541,12,632,49
15571,30,1314,43
15589,18,1104,47
15604,15,625,48
15625,21,885,46
15646,21,998,46
15667,21,869,46
15685,18,867,47
15715,30,1634,43
15745,30,1251,43
15763,18,748,47
15772,9,501,50
15793,21,989,46
15811,18,1104,47
15859,48,2032,37
15871,12,495,49
15886,15,804,48
15901,15,745,48
15919,18,754,47
15940,21,896,46
15958,18,745,47
15967,9,501,50
15985,18,1128,47
15985,0,126,53
15997,12,641,49
16045,48,1420,37
16075,30,1251,43
16099,24,878,45
16117,18,747,47
16120,3,128,52
16129,9,501,50
16141,12,623,49
16183,42,1436,39
16204,21,876,46
16219,15,643,48
16222,3,248,52
16243,21,1115,46
16273,30,1287,43
16279,6,370,51
16279,0,126,53
16285,6,370,51
16291,6,370,51
16321,30,1768,43
16330,9,379,50
16333,3,319,52
16348,15,745,48
16357,9,519,50
16375,18,867,47
16414,39,1284,40
16426,12,623,49
16441,15,625,48
16459,18,1116,47
16483,24,1120,45
16489,6,371,51
16498,9,379,50
16504,6,370,51
16537,33,1477,42
16552,15,736,48
16603,51,1822,36
16609,6,397,51
16636,27,1138,44
16663,27,1019,44
16678,15,643,48
16693,15,643,48
16705,12,614,49
16717,12,704,49
16729,12,632,49
16738,9,492,50
16768,30,1009,43
16771,3,248,52
16801,30,914,43
16810,9,546,50
16831,21,991,46
16837,6,371,51
16846,9,501,50
16882,36,1260,41
16888,6,250,51
16897,9,501,50
16903,6,250,51
16906,3,128,52
16945,39,1298,40
16957,12,632,49
16966,9,501,50
16990,24,878,45
17011,21,980,46
17062,51,1594,36
17068,6,250,51
17077,9,492,50
17086,9,493,50
17089,3,319,52
17107,18,867,47
17125,18,747,47
17146,21,1121,46
17164,18,885,47
17176,12,494,49
17188,12,614,49
17206,18,885,47
17224,18,1128,47
17230,6,250,51
17236,6,371,51
17245,9,633,50
17281,36,1806,41
17284,3,128,52
17296,12,614,49
17326,30,1468,43
17347,21,989,46
17356,9,501,50
17383,27,1147,44
17386,3,248,52
17392,6,250,51
17395,3,257,52
17428,33,1513,42
17443,15,643,48
17446,3,257,52
17455,9,492,50
17458,3,128,52
17464,6,371,51
17473,9,501,50
17482,9,379,50
17485,3,248,52
17518,33,1145,42
17530,12,790,49
17539,9,633,50
17557,18,508,47
17572,15,745,48
17572,0,126,53
17578,6,370,51
17581,3,319,52
17590,9,493,50
17590,0,126,53
17593,3,319,52
17617,24,1138,45
17629,12,790,49
17644,15,947,48
17662,18,867,47
17698,36,1278,41
17731,33,1393,42
17752,21,989,46
17761,9,501,50
17788,27,1120,44
17800,12,501,49
17803,3,128,52
