cum_score,score,time,bricks
0,0,162,53
3,3,128,52
3,0,162,53
3,0,126,53
6,3,128,52
27,21,876,46
129,102,3423,19
183,54,2416,35
192,9,372,50
204,12,614,49
222,18,876,47
225,3,128,52
246,21,998,46
258,12,623,49
264,6,476,51
285,21,998,46
303,18,867,47
306,3,248,52
327,21,1025,46
345,18,1128,47
372,27,1489,44
462,90,3005,23
597,135,3948,8
729,132,5991,9
732,3,248,52
786,54,1827,35
822,36,1402,41
852,30,1391,43
900,48,2187,37
936,36,1791,41
951,15,736,48
978,27,1120,44
1005,27,1269,44
1029,24,983,45
1089,60,2402,33
1092,3,128,52
1173,81,3073,26
1197,24,1007,45
1284,87,3316,24
1293,9,372,50
1296,3,248,52
1326,30,1383,43
1329,3,248,52
1335,6,250,51
1341,6,379,51
1392,51,1727,36
2551,1159,5988,0
2551,0,126,53
2554,3,128,52
2554,0,162,53
2560,6,370,51
2563,3,248,52
2563,0,126,53
2563,0,126,53
2563,0,126,53
2569,6,250,51
2572,3,128,52
2575,3,248,52
2578,3,248,52
2581,3,248,52
2581,0,126,53
2581,0,126,53
2587,6,379,51
2590,3,248,52
2590,0,162,53
2596,6,379,51
2596,0,162,53
2599,3,128,52
2605,6,379,51
2608,3,319,52
2611,3,248,52
2611,0,126,53
2614,3,248,52
2617,3,248,52
2629,12,632,49
2629,0,162,53
2635,6,379,51
2635,0,162,53
2638,3,248,52
2641,3,128,52
2644,3,248,52
2644,0,126,53
2644,0,126,53
2647,3,128,52
2647,0,126,53
2650,3,248,52
2650,0,126,53
2650,0,162,53
2650,0,126,53
2653,3,319,52
2656,3,319,52
2659,3,248,52
2662,3,128,52
2665,3,128,52
2665,0,126,53
2674,9,501,50
2674,0,126,53
2677,3,128,52
2680,3,128,52
2683,3,248,52
2689,6,379,51
2689,0,126,53
2692,3,248,52
2692,0,126,53
2695,3,248,52
2698,3,128,52
2698,0,126,53
2701,3,248,52
2704,3,128,52
2707,3,248,52
2710,3,319,52
2710,0,126,53
2710,0,126,53
2710,0,126,53
2713,3,128,52
2716,3,248,52
2719,3,248,52
2719,0,126,53
2725,6,379,51
2731,6,370,51
2731,0,126,53
2737,6,379,51
2740,3,248,52
2746,6,250,51
2749,3,128,52
2755,6,379,51
2755,0,126,53
2758,3,248,52
2761,3,319,52
2764,3,319,52
2764,0,162,53
2770,6,379,51
2773,3,128,52
2776,3,248,52
2779,3,248,52
2782,3,319,52
2785,3,319,52
2788,3,248,52
2791,3,248,52
2791,0,126,53
2794,3,128,52
2797,3,128,52
2800,3,248,52
2800,0,126,53
2800,0,126,53
2800,0,126,53
2800,0,126,53
2818,18,772,47
2818,0,126,53
2821,3,319,52
2824,3,319,52
2827,3,319,52
2827,0,162,53
2827,0,126,53
2827,0,126,53
2827,0,126,53
2827,0,126,53
2830,3,248,52
2836,6,379,51
2836,0,162,53
2836,0,162,53
2836,0,162,53
2839,3,248,52
2842,3,128,52
2845,3,128,52
2851,6,379,51
2851,0,126,53
2854,3,248,52
2854,0,126,53
2860,6,379,51
2863,3,128,52
2866,3,128,52
2866,0,126,53
2866,0,126,53
2866,0,162,53
2869,3,128,52
2869,0,126,53
2869,0,126,53
2872,3,128,52
2872,0,126,53
2872,0,126,53
2872,0,162,53
2875,3,248,52
2878,3,319,52
2884,6,250,51
2884,0,162,53
2884,0,126,53
2887,3,248,52
2890,3,248,52
2890,0,126,53
2896,6,250,51
2896,0,126,53
2899,3,248,52
2899,0,162,53
2902,3,248,52
2905,3,248,52
2905,0,126,53
2911,6,379,51
2914,3,248,52
2914,0,126,53
2917,3,128,52
2920,3,128,52
2926,6,379,51
2932,6,379,51
2932,0,162,53
2935,3,319,52
2935,0,162,53
2941,6,379,51
2956,15,790,48
2959,3,248,52
2965,6,370,51
2974,9,501,50
2980,6,379,51
2980,0,126,53
2983,3,319,52
3049,66,2527,31
3148,99,3318,20
3190,42,1811,39
3229,39,1167,40
3274,45,2073,38
3298,24,983,45
3301,3,248,52
3307,6,379,51
3349,42,1811,39
3355,6,379,51
3358,3,319,52
3391,33,1384,42
3397,6,379,51
3409,12,623,49
3415,6,250,51
3418,3,248,52
3424,6,476,51
3430,6,379,51
3430,0,126,53
3472,42,1316,39
3511,39,1793,40
3517,6,379,51
3523,6,379,51
3568,45,2109,38
3694,126,4166,11
3745,51,1727,36
3841,96,3771,21
3850,9,492,50
3856,6,379,51
3889,33,1522,42
3922,33,1165,42
3937,15,736,48
3973,36,1280,41
4021,48,1847,37
4021,0,162,53
4069,48,1960,37
4165,96,2642,21
4180,15,763,48
4183,3,319,52
4195,12,623,49
4201,6,379,51
4222,21,992,46
4231,9,492,50
4321,90,2028,23
4339,18,894,47
4375,36,1335,41
4381,6,379,51
4384,3,248,52
4396,12,623,49
4399,3,248,52
4405,6,370,51
4471,66,2746,31
4471,0,126,53
4525,54,2072,35
4555,30,1149,43
4558,3,319,52
4588,30,1149,43
4591,3,248,52
4606,15,625,48
4624,18,1128,47
4675,51,1727,36
4720,45,1960,38
4756,36,1335,41
4834,78,2802,27
4843,9,501,50
4843,0,162,53
4879,36,1522,41
4879,0,126,53
4891,12,614,49
4909,18,885,47
4930,21,756,46
4960,30,1412,43
4984,24,983,45
4996,12,802,49
4999,3,248,52
5044,45,1671,38
5059,15,747,48
5089,30,1158,43
5101,12,623,49
5119,18,747,47
5119,0,126,53
5125,6,250,51
5137,12,623,49
5167,30,1149,43
5167,0,126,53
5197,30,1382,43
5200,3,248,52
5203,3,319,52
5221,18,1128,47
5248,27,1009,44
5251,3,248,52
5257,6,379,51
5269,12,632,49
5317,48,2066,37
5323,6,379,51
5377,54,1840,35
5404,27,1152,44
5404,0,126,53
5410,6,370,51
5410,0,162,53
5419,9,372,50
5437,18,885,47
5446,9,501,50
5479,33,1466,42
5485,6,370,51
5488,3,319,52
5488,0,126,53
5494,6,379,51
5500,6,379,51
5515,15,632,48
5527,12,623,49
5530,3,248,52
5539,9,501,50
5545,6,379,51
5548,3,248,52
5548,0,126,53
5566,18,1128,47
5581,15,754,48
5584,3,248,52
5593,9,501,50
5602,9,501,50
5602,0,126,53
5635,33,1269,42
5638,3,319,52
5674,36,1540,41
5701,27,1016,44
5743,42,1400,39
5800,57,2398,34
5806,6,370,51
5812,6,476,51
5818,6,379,51
5818,0,162,53
5827,9,492,50
5830,3,248,52
5839,9,372,50
5884,45,1705,38
5884,0,126,53
5890,6,370,51
5890,0,162,53
5899,9,501,50
5902,3,248,52
5926,24,983,45
5929,3,248,52
5968,39,1775,40
5974,6,250,51
5977,3,257,52
5983,6,370,51
5992,9,372,50
6007,15,625,48
6037,30,1445,43
6043,6,379,51
6049,6,379,51
6061,12,632,49
6088,27,1009,44
6103,15,625,48
6106,3,248,52
6109,3,319,52
6133,24,1138,45
6139,6,370,51
6142,3,248,52
6148,6,370,51
6160,12,494,49
6175,15,625,48
6196,21,1016,46
6205,9,492,50
6205,0,126,53
6208,3,248,52
6262,54,1848,35
6340,78,3224,27
6367,27,1140,44
6382,15,754,48
6406,24,1025,45
6418,12,623,49
6418,0,126,53
6430,12,494,49
6439,9,372,50
6442,3,248,52
6466,24,1120,45
6475,9,501,50
6511,36,1576,41
6520,9,501,50
6535,15,625,48
6550,15,804,48
6592,42,1951,39
6598,6,370,51
6601,3,128,52
6613,12,623,49
6619,6,370,51
6619,0,126,53
6634,15,625,48
6676,42,1933,39
6685,9,501,50
6721,36,1680,41
6733,12,632,49
6745,12,614,49
6766,21,887,46
6781,15,763,48
6781,0,126,53
6787,6,476,51
6802,15,643,48
6811,9,501,50
6844,33,1400,42
6865,21,998,46
6877,12,614,49
6898,21,1140,46
6898,0,126,53
6904,6,379,51
6925,21,878,46
6961,36,1253,41
6985,24,876,45
7009,24,1138,45
7015,6,379,51
7018,3,319,52
7018,0,126,53
7027,9,492,50
7030,3,248,52
7030,0,126,53
7033,3,248,52
7057,24,983,45
7066,9,501,50
7078,12,657,49
7090,12,623,49
7093,3,248,52
7099,6,379,51
7099,0,126,53
7114,15,736,48
7123,9,372,50
7126,3,248,52
7132,6,379,51
7144,12,632,49
7186,42,1996,39
7195,9,501,50
7198,3,248,52
7213,15,745,48
7219,6,370,51
7222,3,319,52
7237,15,745,48
7279,42,1578,39
7315,36,2140,41
7339,24,885,45
7363,24,1165,45
7369,6,370,51
7420,51,1908,36
7429,9,372,50
7441,12,645,49
7456,15,625,48
7474,18,1128,47
7480,6,370,51
7516,36,1398,41
7531,15,738,48
7543,12,623,49
7549,6,370,51
7549,0,126,53
7570,21,1007,46
7579,9,372,50
7606,27,1681,44
7660,54,1960,35
7663,3,248,52
7696,33,1165,42
7705,9,372,50
7708,3,319,52
7735,27,1018,44
7747,12,641,49
7753,6,370,51
7753,0,126,53
7768,15,754,48
7774,6,370,51
7774,0,126,53
7801,27,1242,44
7804,3,319,52
7813,9,372,50
7819,6,379,51
7831,12,614,49
7843,12,494,49
7855,12,623,49
7876,21,1308,46
7879,3,248,52
7891,12,623,49
7906,15,754,48
7909,3,248,52
7921,12,632,49
7927,6,379,51
7948,21,991,46
7960,12,632,49
8005,45,1829,38
8029,24,1138,45
8050,21,991,46
8062,12,614,49
8068,6,250,51
8074,6,250,51
8074,0,162,53
8083,9,501,50
8095,12,645,49
8098,3,319,52
8101,3,248,52
8107,6,370,51
8110,3,248,52
8113,3,248,52
8122,9,501,50
8125,3,248,52
8203,78,3005,27
8212,9,501,50
8215,3,248,52
8230,15,959,48
8254,24,1000,45
8254,0,126,53
8263,9,372,50
8290,27,1251,44
8302,12,623,49
8311,9,372,50
8350,39,1513,40
8350,0,126,53
8368,18,959,47
8368,0,126,53
8374,6,250,51
8383,9,501,50
8404,21,1007,46
8410,6,370,51
8413,3,248,52
8422,9,501,50
8422,0,162,53
8437,15,616,48
8464,27,1251,44
8485,21,878,46
8494,9,372,50
8500,6,250,51
8506,6,379,51
8518,12,614,49
8527,9,372,50
8542,15,802,48
8542,0,162,53
8542,0,126,53
8545,3,248,52
8551,6,370,51
8551,0,126,53
8557,6,370,51
8572,15,625,48
8587,15,754,48
8602,15,736,48
8605,3,248,52
8611,6,379,51
8626,15,754,48
8632,6,250,51
8638,6,370,51
8644,6,379,51
8644,0,126,53
8716,72,2680,29
8722,6,476,51
8722,0,162,53
8758,36,1531,41
8773,15,754,48
8797,24,1138,45
8797,0,126,53
8800,3,128,52
8821,21,1007,46
8824,3,248,52
8824,0,126,53
8845,21,989,46
8848,3,248,52
8872,24,894,45
8887,15,754,48
8893,6,250,51
8896,3,248,52
8899,3,248,52
8920,21,885,46
8923,3,128,52
8932,9,492,50
8935,3,248,52
8941,6,379,51
8956,15,745,48
8956,0,126,53
8956,0,126,53
8971,15,747,48
8992,21,876,46
9031,39,1662,40
9031,0,126,53
9043,12,623,49
9049,6,370,51
9058,9,501,50
9070,12,623,49
9079,9,501,50
9091,12,623,49
9103,12,645,49
9103,0,162,53
9112,9,372,50
9118,6,476,51
9124,6,379,51
9139,15,971,48
9154,15,747,48
9184,30,1391,43
9208,24,1147,45
9250,42,1432,39
9250,0,162,53
9262,12,614,49
9271,9,372,50
9277,6,379,51
9277,0,162,53
9298,21,1016,46
9298,0,126,53
9322,24,1309,45
9328,6,250,51
9340,12,623,49
9346,6,370,51
9352,6,250,51
9358,6,370,51
9361,3,248,52
9367,6,379,51
9370,3,248,52
9376,6,250,51
9382,6,370,51
9397,15,971,48
9415,18,860,47
9448,33,1400,42
9454,6,379,51
9460,6,370,51
9463,3,319,52
9472,9,501,50
9478,6,370,51
9481,3,319,52
9490,9,501,50
9499,9,501,50
9502,3,248,52
9529,27,1368,44
9553,24,1016,45
9553,0,126,53
9574,21,878,46
9649,75,2159,28
9706,57,2211,34
9718,12,632,49
9736,18,876,47
9760,24,1147,45
9769,9,372,50
9772,3,319,52
9796,24,1165,45
9796,0,126,53
9811,15,736,48
9817,6,379,51
9823,6,250,51
9832,9,501,50
9835,3,248,52
9835,0,126,53
9841,6,370,51
9847,6,250,51
9850,3,248,52
9853,3,319,52
9868,15,754,48
9895,27,792,44
9895,0,126,53
9913,18,1128,47
9928,15,754,48
9934,6,379,51
9940,6,379,51
9973,33,1147,42
9973,0,126,53
9994,21,989,46
10003,9,501,50
10012,9,372,50
10036,24,1138,45
10042,6,250,51
10054,12,623,49
10063,9,372,50
10090,27,1018,44
10111,21,998,46
10114,3,248,52
10135,21,894,46
10138,3,248,52
10171,33,1409,42
10180,9,372,50
10195,15,745,48
10222,27,1147,44
10231,9,633,50
10237,6,476,51
10240,3,319,52
10249,9,501,50
10273,24,1306,45
10291,18,894,47
10300,9,372,50
10312,12,641,49
10324,12,614,49
10369,45,1822,38
10375,6,379,51
10378,3,248,52
10396,18,772,47
10408,12,623,49
10411,3,248,52
10435,24,1025,45
10438,3,248,52
10447,9,501,50
10486,39,1418,40
10501,15,754,48
10540,39,1802,40
10555,15,754,48
10558,3,248,52
10579,21,869,46
10588,9,501,50
10633,45,1646,38
10654,21,1320,46
10663,9,501,50
10666,3,128,52
10690,24,1174,45
10693,3,319,52
10735,42,1662,39
10744,9,372,50
10747,3,128,52
10750,3,319,52
10759,9,633,50
10786,27,1260,44
10801,15,814,48
10819,18,1128,47
10828,9,501,50
10852,24,876,45
10858,6,370,51
10870,12,814,49
10879,9,501,50
10891,12,614,49
10930,39,2006,40
10930,0,162,53
10948,18,747,47
10960,12,632,49
10978,18,876,47
10978,0,126,53
10984,6,379,51
11011,27,1321,44
11017,6,379,51
11020,3,248,52
11023,3,248,52
11023,0,162,53
11038,15,503,48
11059,21,998,46
11062,3,248,52
11062,0,162,53
11068,6,370,51
11071,3,248,52
11083,12,650,49
11089,6,250,51
11104,15,745,48
11119,15,625,48
11125,6,250,51
11164,39,1549,40
11173,9,501,50
11191,18,959,47
11203,12,623,49
11212,9,372,50
11236,24,876,45
11236,0,162,53
11266,30,1382,43
11272,6,370,51
11293,21,1324,46
11308,15,738,48
11332,24,1120,45
11332,0,162,53
11353,21,998,46
11353,0,162,53
11362,9,501,50
11470,108,2139,17
11479,9,501,50
11485,6,250,51
11488,3,248,52
11488,0,162,53
11494,6,370,51
11503,9,372,50
11530,27,1147,44
11560,30,1690,43
11575,15,625,48
11587,12,614,49
11593,6,476,51
11602,9,501,50
11608,6,370,51
11686,78,735,27
11755,69,2838,30
11806,51,1944,36
11821,15,772,48
11821,0,162,53
11827,6,379,51
11830,3,128,52
11851,21,1007,46
11875,24,1138,45
11884,9,372,50
11890,6,379,51
11896,6,250,51
11902,6,379,51
11908,6,250,51
11908,0,126,53
11908,0,126,53
11926,18,867,47
11926,0,162,53
11980,54,1989,35
11986,6,370,51
11992,6,250,51
12001,9,501,50
12004,3,319,52
12007,3,248,52
12010,3,319,52
12019,9,372,50
12046,27,1451,44
12058,12,632,49
12079,21,1016,46
12094,15,754,48
12100,6,250,51
12100,0,126,53
12106,6,379,51
12112,6,370,51
12142,30,1393,43
12157,15,754,48
12157,0,126,53
12157,0,126,53
12160,3,319,52
12193,33,1646,42
12199,6,250,51
12208,9,492,50
12214,6,370,51
12214,0,126,53
12214,0,126,53
12223,9,501,50
12238,15,754,48
12241,3,319,52
12256,15,747,48
12280,24,1129,45
12283,3,128,52
12286,3,319,52
12289,3,248,52
12295,6,250,51
12313,18,971,47
12313,0,126,53
12361,48,1576,37
12394,33,1296,42
12436,42,1811,39
12454,18,971,47
12469,15,736,48
12475,6,250,51
12481,6,370,51
12511,30,1427,43
12523,12,657,49
12523,0,162,53
12526,3,248,52
12541,15,754,48
12553,12,802,49
12559,6,370,51
12565,6,379,51
12586,21,754,46
12589,3,128,52
12592,3,248,52
12598,6,370,51
12598,0,126,53
12616,18,894,47
12616,0,126,53
12616,0,162,53
12622,6,250,51
12634,12,632,49
12649,15,754,48
12652,3,248,52
12667,15,959,48
12682,15,804,48
12706,24,1018,45
12709,3,248,52
12739,30,1489,43
12748,9,372,50
12766,18,876,47
12769,3,128,52
12784,15,754,48
12793,9,372,50
12817,24,876,45
12838,21,878,46
12871,33,1567,42
12877,6,370,51
12883,6,379,51
12898,15,745,48
12919,21,878,46
12943,24,1147,45
12949,6,370,51
12991,42,1430,39
12991,0,126,53
12991,0,126,53
12991,0,126,53
13006,15,736,48
13018,12,645,49
13021,3,128,52
13030,9,372,50
13033,3,248,52
13036,3,248,52
13039,3,319,52
13054,15,754,48
13063,9,501,50
13078,15,971,48
13084,6,370,51
13093,9,372,50
13099,6,370,51
13105,6,476,51
13165,60,2974,33
13165,0,126,53
13171,6,370,51
13177,6,250,51
13204,27,994,44
13204,0,162,53
13216,12,614,49
13231,15,754,48
13246,15,745,48
13246,0,126,53
13258,12,494,49
13273,15,625,48
13276,3,248,52
13333,57,1935,34
13333,0,126,53
13348,15,745,48
13351,3,248,52
13384,33,1455,42
13396,12,623,49
13405,9,501,50
13411,6,476,51
13435,24,1138,45
13438,3,248,52
13450,12,614,49
13450,0,162,53
13450,0,126,53
13465,15,616,48
13468,3,248,52
13474,6,379,51
13486,12,802,49
13495,9,372,50
13501,6,250,51
13504,3,248,52
13528,24,983,45
13534,6,379,51
13570,36,1612,41
13570,0,126,53
13576,6,370,51
13585,9,372,50
13603,18,756,47
13606,3,248,52
13624,18,1128,47
13624,0,162,53
13672,48,1856,37
13702,30,1418,43
13705,3,248,52
13711,6,379,51
13720,9,501,50
13738,18,894,47
13744,6,379,51
13756,12,657,49
13759,3,128,52
13780,21,1007,46
13783,3,248,52
13786,3,319,52
13798,12,623,49
13810,12,623,49
13816,6,370,51
13816,0,162,53
13819,3,248,52
13822,3,248,52
13825,3,248,52
13828,3,319,52
13843,15,625,48
13846,3,248,52
13849,3,248,52
13933,84,3312,25
13966,33,1149,42
13972,6,370,51
14011,39,1359,40
14017,6,250,51
14044,27,1138,44
14047,3,319,52
14056,9,492,50
14059,3,319,52
14059,0,162,53
14062,3,248,52
14077,15,625,48
14098,21,1016,46
14098,0,126,53
14110,12,645,49
14119,9,492,50
14134,15,754,48
14134,0,162,53
14143,9,372,50
14146,3,248,52
14152,6,476,51
14182,30,1795,43
14182,0,126,53
14191,9,635,50
14197,6,250,51
14209,12,632,49
14236,27,1129,44
14296,60,1472,33
14407,111,3125,16
14470,63,1998,32
14545,75,3619,28
