cum_score,score,time,bricks
0,0,126,53
0,0,126,53
6,6,250,51
6,0,162,53
15,9,501,50
18,3,128,52
51,33,1296,42
96,45,1951,38
159,63,2111,32
219,60,1472,33
1378,1159,6015,0
1450,72,2862,29
1456,6,370,51
1459,3,248,52
1471,12,623,49
1507,36,1680,41
1516,9,372,50
1528,12,632,49
1528,0,162,53
1555,27,1009,44
1561,6,379,51
1570,9,372,50
1579,9,501,50
1591,12,494,49
1615,24,1129,45
1615,0,162,53
1624,9,501,50
1627,3,128,52
1630,3,248,52
1636,6,370,51
1651,15,625,48
1663,12,614,49
1669,6,370,51
1675,6,379,51
1684,9,501,50
1687,3,248,52
1690,3,248,52
1702,12,494,49
1702,0,162,53
1708,6,250,51
1708,0,126,53
1732,24,1183,45
1738,6,250,51
1741,3,248,52
1744,3,248,52
1747,3,248,52
1756,9,501,50
1759,3,248,52
1762,3,248,52
1771,9,501,50
1786,15,754,48
1789,3,248,52
1795,6,379,51
1795,0,126,53
1810,15,634,48
1810,0,126,53
1825,15,738,48
1852,27,912,44
1861,9,501,50
1867,6,370,51
1876,9,372,50
1891,15,745,48
1912,21,885,46
1921,9,501,50
1939,18,625,47
1951,12,641,49
1969,18,876,47
1972,3,248,52
1996,24,885,45
2008,12,790,49
2020,12,614,49
2020,0,126,53
2023,3,248,52
2029,6,370,51
2032,3,248,52
2038,6,250,51
2041,3,319,52
2047,6,476,51
2053,6,379,51
2077,24,1320,45
2080,3,248,52
2080,0,126,53
2086,6,379,51
2095,9,372,50
2098,3,248,52
2098,0,126,53
2101,3,248,52
2107,6,476,51
2110,3,248,52
2116,6,250,51
2128,12,623,49
2140,12,623,49
2149,9,372,50
2152,3,248,52
2158,6,250,51
2158,0,126,53
2173,15,754,48
2188,15,754,48
2188,0,162,53
2215,27,792,44
2221,6,379,51
2233,12,623,49
2239,6,250,51
2245,6,379,51
2251,6,370,51
2254,3,248,52
2254,0,126,53
2260,6,250,51
2269,9,501,50
2287,18,995,47
2293,6,370,51
2302,9,492,50
2311,9,501,50
2323,12,623,49
2326,3,248,52
2338,12,623,49
2344,6,250,51
2344,0,162,53
2347,3,248,52
2353,6,370,51
2353,0,126,53
2362,9,381,50
2362,0,126,53
2368,6,250,51
2383,15,632,48
2395,12,614,49
2398,3,319,52
2416,18,745,47
2431,15,745,48
2437,6,250,51
2449,12,388,49
2449,0,126,53
2452,3,248,52
2458,6,370,51
2476,18,876,47
2491,15,625,48
2491,0,126,53
2512,21,878,46
2527,15,745,48
2587,60,1891,33
2596,9,372,50
2605,9,501,50
2605,0,162,53
2620,15,959,48
2632,12,814,49
2662,30,1127,43
2668,6,257,51
2677,9,379,50
2692,15,754,48
2701,9,501,50
2707,6,379,51
2710,3,248,52
2713,3,248,52
2725,12,503,49
2737,12,503,49
2752,15,754,48
2761,9,501,50
2764,3,128,52
2782,18,754,47
2785,3,319,52
2791,6,370,51
2791,0,126,53
2797,6,379,51
2806,9,372,50
2821,15,754,48
2833,12,623,49
2842,9,372,50
2842,0,126,53
2848,6,250,51
2854,6,370,51
2857,3,248,52
2857,0,162,53
2860,3,248,52
2866,6,370,51
2872,6,370,51
2872,0,126,53
2896,24,983,45
2899,3,248,52
2902,3,319,52
2929,27,1321,44
2929,0,126,53
2929,0,162,53
2932,3,257,52
2941,9,372,50
2941,0,126,53
2965,24,885,45
2974,9,501,50
2974,0,162,53
2983,9,501,50
3004,21,1025,46
3010,6,250,51
3013,3,128,52
3022,9,501,50
3025,3,128,52
3034,9,501,50
3037,3,248,52
3040,3,248,52
3049,9,492,50
3055,6,370,51
3055,0,162,53
3073,18,876,47
3079,6,476,51
3079,0,126,53
3082,3,248,52
3088,6,476,51
3178,90,2043,23
3214,36,1043,41
3268,54,2321,35
3325,57,2172,34
3325,0,126,53
3337,12,623,49
3352,15,754,48
3355,3,128,52
3364,9,372,50
3367,3,248,52
3379,12,614,49
3382,3,319,52
3394,12,494,49
3415,21,1007,46
3439,24,1174,45
3445,6,250,51
3448,3,248,52
3457,9,379,50
3481,24,1442,45
3481,0,162,53
3496,15,745,48
3514,18,876,47
3514,0,126,53
3520,6,379,51
3526,6,250,51
3535,9,501,50
3535,0,126,53
3553,18,894,47
3571,18,747,47
3574,3,319,52
3577,3,248,52
3619,42,1669,39
3619,0,126,53
3628,9,501,50
3655,27,1454,44
3664,9,501,50
3667,3,248,52
3673,6,370,51
3676,3,248,52
3676,0,126,53
3682,6,370,51
3688,6,476,51
3688,0,162,53
3691,3,257,52
3691,0,162,53
3697,6,379,51
3709,12,614,49
3715,6,476,51
3727,12,623,49
3727,0,162,53
3736,9,372,50
3739,3,248,52
3751,12,814,49
3772,21,903,46
3772,0,126,53
3787,15,983,48
3790,3,248,52
3793,3,319,52
3799,6,476,51
3808,9,501,50
3835,27,1120,44
3838,3,257,52
3847,9,501,50
3850,3,128,52
3850,0,126,53
3859,9,381,50
3865,6,250,51
3868,3,128,52
3874,6,379,51
3877,3,248,52
3883,6,476,51
3898,15,754,48
3904,6,250,51
3910,6,370,51
3910,0,162,53
3925,15,745,48
3934,9,492,50
3934,0,162,53
3940,6,379,51
3955,15,625,48
3958,3,319,52
3976,18,885,47
3985,9,501,50
3991,6,379,51
4003,12,614,49
4003,0,126,53
4009,6,379,51
4021,12,632,49
4030,9,501,50
4033,3,319,52
4048,15,736,48
4060,12,623,49
4060,0,126,53
4066,6,379,51
4072,6,379,51
4075,3,248,52
4078,3,248,52
4090,12,657,49
4093,3,248,52
4108,15,754,48
4114,6,476,51
4144,30,1278,43
4153,9,501,50
4156,3,128,52
4174,18,754,47
4180,6,379,51
4186,6,370,51
4189,3,257,52
4189,0,162,53
4195,6,379,51
4210,15,623,48
4213,3,248,52
4234,21,894,46
4234,0,162,53
4249,15,736,48
4261,12,623,49
4261,0,126,53
4270,9,501,50
4270,0,126,53
4282,12,623,49
4297,15,738,48
4303,6,379,51
4312,9,501,50
4318,6,250,51
4336,18,885,47
4357,21,989,46
4366,9,372,50
4366,0,126,53
4372,6,476,51
4387,15,625,48
4447,60,2143,33
4447,0,126,53
4447,0,126,53
4459,12,623,49
4465,6,370,51
4468,3,248,52
4471,3,248,52
4474,3,319,52
4492,18,894,47
4510,18,876,47
4513,3,248,52
4525,12,614,49
4534,9,501,50
4537,3,257,52
4537,0,126,53
4543,6,379,51
4549,6,370,51
4561,12,494,49
4567,6,370,51
4570,3,248,52
4573,3,248,52
4573,0,126,53
4585,12,632,49
4600,15,754,48
4603,3,319,52
4609,6,379,51
4618,9,501,50
4621,3,248,52
4633,12,623,49
4645,12,623,49
4654,9,372,50
4660,6,370,51
4663,3,248,52
4666,3,248,52
4672,6,250,51
4675,3,248,52
4684,9,501,50
4687,3,323,52
4687,0,126,53
4702,15,754,48
4711,9,372,50
4717,6,370,51
4723,6,370,51
4744,21,894,46
4750,6,250,51
4753,3,248,52
4753,0,162,53
4756,3,248,52
4762,6,476,51
4774,12,623,49
4774,0,162,53
4807,33,1156,42
4813,6,250,51
4819,6,379,51
4825,6,476,51
4837,12,623,49
4840,3,319,52
4843,3,248,52
4843,0,126,53
4846,3,248,52
4846,0,126,53
4861,15,754,48
4861,0,126,53
4867,6,370,51
4876,9,501,50
4879,3,248,52
4885,6,379,51
4888,3,319,52
4909,21,998,46
4921,12,632,49
4936,15,625,48
4939,3,319,52
4942,3,319,52
4960,18,858,47
4975,15,616,48
4975,0,126,53
4987,12,623,49
5002,15,745,48
5008,6,370,51
5014,6,250,51
5014,0,126,53
5017,3,319,52
5032,15,754,48
5050,18,894,47
5053,3,248,52
5056,3,248,52
5068,12,494,49
5074,6,379,51
5083,9,372,50
5092,9,501,50
5095,3,128,52
5107,12,632,49
5110,3,248,52
5134,24,1192,45
5182,48,1440,37
5188,6,250,51
5197,9,501,50
5203,6,476,51
5209,6,370,51
5215,6,250,51
5221,6,379,51
5227,6,370,51
5227,0,162,53
5233,6,250,51
5236,3,128,52
5242,6,476,51
5257,15,754,48
5269,12,645,49
5278,9,501,50
5287,9,501,50
5299,12,614,49
5302,3,319,52
5311,9,492,50
5317,6,379,51
5317,0,126,53
5326,9,372,50
5341,15,802,48
5341,0,126,53
5344,3,319,52
5350,6,476,51
5362,12,632,49
5362,0,126,53
5374,12,623,49
5383,9,372,50
5392,9,372,50
5395,3,319,52
5410,15,625,48
5413,3,248,52
5419,6,379,51
5422,3,257,52
5425,3,248,52
5449,24,983,45
5458,9,645,50
5461,3,321,52
5464,3,248,52
5473,9,372,50
5476,3,128,52
5476,0,126,53
5485,9,501,50
5497,12,632,49
5500,3,128,52
5500,0,126,53
5515,15,634,48
5518,3,319,52
5521,3,319,52
5524,3,248,52
5527,3,319,52
5527,0,162,53
5530,3,319,52
5536,6,370,51
5551,15,814,48
5554,3,248,52
5557,3,248,52
5563,6,379,51
5566,3,248,52
5578,12,614,49
5584,6,379,51
5587,3,319,52
5590,3,248,52
5608,18,894,47
5611,3,248,52
5614,3,319,52
5620,6,476,51
5620,0,126,53
5629,9,372,50
5647,18,745,47
5650,3,248,52
5662,12,503,49
5668,6,379,51
5677,9,372,50
5689,12,623,49
5695,6,370,51
5698,3,248,52
5698,0,126,53
5701,3,248,52
5710,9,372,50
5722,12,632,49
5731,9,372,50
5752,21,894,46
5761,9,501,50
5782,21,998,46
5791,9,372,50
5794,3,248,52
5797,3,248,52
5797,0,126,53
5806,9,372,50
5812,6,379,51
5824,12,501,49
5824,0,126,53
5824,0,126,53
5839,15,625,48
5842,3,248,52
5848,6,379,51
5854,6,370,51
5866,12,645,49
5866,0,162,53
5878,12,623,49
5881,3,257,52
5884,3,248,52
5884,0,126,53
5893,9,372,50
5896,3,321,52
5896,0,126,53
5914,18,747,47
5926,12,623,49
5947,21,878,46
6001,54,1989,35
6010,9,372,50
6034,24,1147,45
6040,6,370,51
6046,6,370,51
6049,3,248,52
6058,9,372,50
6067,9,372,50
6067,0,162,53
6067,0,126,53
6079,12,650,49
6088,9,372,50
6094,6,250,51
6121,27,1314,44
6127,6,379,51
6136,9,372,50
6139,3,319,52
6154,15,971,48
6160,6,370,51
6169,9,492,50
6169,0,126,53
6172,3,319,52
6175,3,248,52
6181,6,379,51
6181,0,162,53
6181,0,126,53
6184,3,319,52
6235,51,1820,36
6250,15,745,48
6256,6,250,51
6268,12,381,49
6271,3,248,52
6274,3,248,52
6274,0,126,53
6274,0,162,53
6280,6,370,51
6286,6,379,51
6289,3,128,52
6289,0,126,53
6301,12,623,49
6310,9,501,50
6313,3,319,52
6319,6,476,51
6325,6,250,51
6325,0,162,53
6334,9,501,50
6334,0,126,53
6340,6,370,51
6346,6,370,51
6352,6,370,51
6361,9,372,50
6376,15,754,48
6382,6,250,51
6388,6,379,51
6391,3,248,52
6403,12,614,49
6430,27,650,44
6436,6,370,51
6448,12,503,49
6448,0,162,53
6454,6,250,51
6472,18,625,47
6481,9,372,50
6481,0,126,53
6481,0,126,53
6484,3,248,52
6487,3,248,52
6490,3,128,52
6490,0,126,53
6502,12,641,49
6508,6,370,51
6511,3,248,52
6517,6,379,51
6520,3,248,52
6529,9,519,50
6538,9,372,50
6538,0,126,53
6586,48,1568,37
6589,3,248,52
6595,6,370,51
6604,9,372,50
6607,3,248,52
6613,6,370,51
6613,0,126,53
6619,6,379,51
6619,0,126,53
6625,6,379,51
6640,15,745,48
6652,12,645,49
6676,24,1138,45
6679,3,248,52
6691,12,657,49
6700,9,501,50
6706,6,250,51
6706,0,126,53
6709,3,248,52
6727,18,867,47
6727,0,162,53
6730,3,248,52
6742,12,494,49
6751,9,372,50
6757,6,379,51
6763,6,370,51
6769,6,370,51
6769,0,126,53
6769,0,162,53
6769,0,126,53
6769,0,162,53
6772,3,248,52
6781,9,501,50
6781,0,126,53
6784,3,248,52
6802,18,756,47
6805,3,128,52
6805,0,126,53
6823,18,505,47
6838,15,754,48
6841,3,319,52
6853,12,623,49
6853,0,126,53
6856,3,248,52
6856,0,126,53
6859,3,319,52
6865,6,370,51
6874,9,501,50
6880,6,379,51
6883,3,128,52
6886,3,128,52
6916,30,1014,43
6940,24,1129,45
6949,9,372,50
6952,3,248,52
6958,6,250,51
6976,18,876,47
6991,15,745,48
6994,3,319,52
7009,15,736,48
7015,6,250,51
7021,6,250,51
7021,0,126,53
7033,12,623,49
7039,6,379,51
7039,0,126,53
7039,0,126,53
7054,15,754,48
7057,3,248,52
7060,3,257,52
7063,3,248,52
7075,12,657,49
7081,6,370,51
7087,6,379,51
7087,0,162,53
7093,6,379,51
7096,3,248,52
7099,3,128,52
7102,3,319,52
7114,12,503,49
7117,3,128,52
7117,0,162,53
7132,15,754,48
7135,3,248,52
7138,3,248,52
7147,9,501,50
7150,3,248,52
7165,15,745,48
7180,15,754,48
7189,9,501,50
7195,6,250,51
7198,3,128,52
7198,0,162,53
7222,24,983,45
7237,15,754,48
7243,6,250,51
7246,3,248,52
7252,6,370,51
7252,0,126,53
7261,9,372,50
7264,3,248,52
7264,0,126,53
7303,39,1384,40
7315,12,623,49
7321,6,370,51
7336,15,641,48
7339,3,248,52
7351,12,645,49
7360,9,372,50
7393,33,1014,42
7411,18,894,47
7426,15,754,48
7429,3,319,52
7477,48,2096,37
7477,0,162,53
7477,0,126,53
7492,15,754,48
7501,9,492,50
7504,3,248,52
7513,9,492,50
7516,3,248,52
7525,9,372,50
7540,15,754,48
7546,6,379,51
7558,12,636,49
7564,6,250,51
7570,6,379,51
7570,0,162,53
7573,3,319,52
7579,6,257,51
7582,3,319,52
7621,39,1529,40
7621,0,126,53
7627,6,370,51
7630,3,257,52
7636,6,370,51
7639,3,319,52
7648,9,501,50
7735,87,3188,24
7759,24,1174,45
7765,6,379,51
7765,0,126,53
7768,3,257,52
7777,9,372,50
7792,15,736,48
7798,6,250,51
7801,3,248,52
7804,3,248,52
7810,6,476,51
7813,3,248,52
7825,12,657,49
7828,3,257,52
7828,0,162,53
7828,0,126,53
7837,9,492,50
7846,9,372,50
7849,3,248,52
7849,0,126,53
7855,6,250,51
7855,0,126,53
7864,9,492,50
7870,6,370,51
7879,9,372,50
7903,24,876,45
7912,9,501,50
7921,9,372,50
7939,18,756,47
7942,3,248,52
7942,0,162,53
7945,3,248,52
7945,0,162,53
7957,12,632,49
7963,6,370,51
7987,24,1025,45
8008,21,1124,46
8017,9,372,50
8020,3,248,52
8023,3,248,52
8032,9,501,50
8038,6,370,51
8044,6,370,51
8053,9,492,50
8053,0,126,53
8065,12,641,49
8065,0,162,53
8074,9,372,50
8074,0,162,53
8089,15,745,48
8098,9,372,50
8104,6,250,51
8104,0,162,53
8107,3,248,52
8113,6,370,51
8122,9,379,50
8128,6,250,51
8137,9,501,50
8152,15,625,48
8155,3,248,52
8155,0,126,53
8170,15,814,48
8173,3,319,52
8185,12,614,49
8188,3,248,52
8188,0,126,53
8200,12,614,49
8206,6,476,51
8230,24,1138,45
8236,6,370,51
8242,6,250,51
8245,3,257,52
8257,12,623,49
8260,3,248,52
8266,6,370,51
8269,3,248,52
8269,0,126,53
8272,3,128,52
8281,9,501,50
8293,12,623,49
8302,9,492,50
8308,6,250,51
8317,9,492,50
8323,6,379,51
8326,3,248,52
8329,3,248,52
8332,3,248,52
8344,12,494,49
8347,3,248,52
8350,3,248,52
8356,6,379,51
8356,0,162,53
8362,6,379,51
8362,0,126,53
8398,36,1280,41
8428,30,948,43
8431,3,128,52
8434,3,248,52
8452,18,876,47
8461,9,372,50
8470,9,501,50
8476,6,379,51
8479,3,128,52
8482,3,248,52
8494,12,623,49
8503,9,372,50
8518,15,625,48
8527,9,492,50
8527,0,126,53
8533,6,476,51
8536,3,248,52
8542,6,379,51
8551,9,492,50
8557,6,250,51
8575,18,959,47
8581,6,257,51
8605,24,876,45
8629,24,998,45
8638,9,372,50
8653,15,754,48
8659,6,250,51
8662,3,248,52
8665,3,248,52
8695,30,1129,43
8707,12,657,49
8710,3,128,52
8725,15,754,48
8734,9,372,50
8767,33,1156,42
8773,6,476,51
8773,0,162,53
8776,3,248,52
8779,3,248,52
8794,15,754,48
8803,9,501,50
8809,6,250,51
8821,12,503,49
8860,39,1883,40
8860,0,126,53
8872,12,623,49
8881,9,372,50
8890,9,501,50
8911,21,894,46
8914,3,248,52
8920,6,476,51
8941,21,1043,46
8941,0,162,53
8956,15,763,48
8956,0,162,53
8977,21,1140,46
8980,3,248,52
8983,3,248,52
8995,12,645,49
9001,6,370,51
9004,3,319,52
9004,0,126,53
9004,0,126,53
9016,12,632,49
9019,3,248,52
9034,15,505,48
9034,0,126,53
9037,3,248,52
9043,6,250,51
9061,18,738,47
9070,9,372,50
9070,0,126,53
9070,0,126,53
9076,6,370,51
9097,21,1016,46
9106,9,372,50
9112,6,250,51
9127,15,651,48
9130,3,248,52
9133,3,248,52
9133,0,126,53
9145,12,623,49
9157,12,494,49
9169,12,632,49
9172,3,248,52
9193,21,1116,46
9193,0,126,53
9208,15,616,48
9217,9,372,50
9226,9,501,50
9241,15,799,48
9241,0,126,53
9247,6,379,51
9253,6,250,51
9256,3,248,52
9256,0,126,53
9259,3,248,52
9265,6,476,51
9280,15,745,48
9286,6,379,51
9292,6,379,51
9292,0,162,53
9307,15,616,48
9313,6,370,51
9313,0,126,53
9328,15,745,48
9331,3,248,52
9331,0,162,53
9331,0,126,53
9346,15,616,48
9352,6,379,51
9358,6,379,51
9367,9,372,50
9379,12,645,49
9379,0,126,53
9382,3,319,52
9400,18,995,47
9457,57,1698,34
9499,42,1793,39
9541,42,1558,39
9550,9,372,50
9559,9,372,50
9559,0,126,53
9559,0,162,53
9571,12,645,49
9574,3,248,52
9583,9,501,50
9592,9,492,50
9598,6,370,51
9613,15,754,48
9619,6,370,51
9619,0,126,53
9625,6,250,51
9628,3,248,52
9634,6,250,51
9637,3,257,52
9646,9,501,50
9646,0,126,53
9649,3,248,52
9652,3,248,52
9658,6,370,51
9661,3,319,52
9661,0,126,53
9661,0,126,53
9673,12,814,49
9679,6,379,51
9700,21,894,46
9700,0,126,53
9724,24,894,45
9730,6,379,51
